   255   277   232    65    71   163     0     0     1     3     1     1     0     1
   234   277   255    72    65   164     0     0     1     3     1     1     0     2
   268   254   251    66   160   132     0     0     1     3     1     1     0     3
   233   254   268   186    66   127     0     0     1     3     1     1     0     4
   253   274   252    67    84   165     0     0     1     3     1     1     0     5
     9   274   253    85    67   188     0     0     1     3     1     1     0     6
   244   275   243    68    80   174     0     0     1     3     1     1     0     7
    30   275   244    81    68   206     0     0     1     3     1     1     0     8
   240   276   239    69    76   178     0     0     1     3     1     1     0     9
    41   276   240    77    69   214     0     0     1     3     1     1     0    10
   253   273     7    70    90   189     0     0     1     3     1     1     0    11
   254   273   253    88    70   166     0     0     1     3     1     1     0    12
   232   277    63    71    74   231     0     0     1     3     1     1     0    13
   277   234    56    72   226    73     0     0     1     3     1     1     0    14
     5   277    56    75    73    57     0     0     1     3     1     1     0    15
     5    63   277    64    74    75     0     0     1     3     1     1     0    16
   276    44   239    78   217    76     0     0     1     3     1     1     0    17
     4   276    41    79    77    42     0     0     1     3     1     1     0    18
     4    44   276    43    78    79     0     0     1     3     1     1     0    19
   275    33   243    82   209    80     0     0     1     3     1     1     0    20
     3   275    30    83    81    31     0     0     1     3     1     1     0    21
     3    33   275    32    82    83     0     0     1     3     1     1     0    22
   274    12   252    86   191    84     0     0     1     3     1     1     0    23
     2   274     9    87    85    10     0     0     1     3     1     1     0    24
     2    12   274    11    86    87     0     0     1     3     1     1     0    25
   273   254    59    88   185    89     0     0     1     3     1     1     0    26
     1   273    59    91    89    58     0     0     1     3     1     1     0    27
     1     7   273     6    90    91     0     0     1     3     1     1     0    28
   266   270   269    97    94    95     0     0     1     3     1     1     0    29
   264   271   270   101    93    98     0     0     1     3     1     1     0    30
   263   272   271   102    92   100     0     0     1     3     1     1     0    31
   259   271   272   108    92   105     0     0     1     3     1     1     0    32
   258   270   271   110    93   107     0     0     1     3     1     1     0    33
   257   269   270   111    94   109     0     0     1     3     1     1     0    34
   269   256   267   113   112    96     0     0     1     3     1     1     0    35
   267   266   269   116    95    96     0     0     1     3     1     1     0    36
   266   265   270   117    99    97     0     0     1     3     1     1     0    37
   265   264   270   118    98    99     0     0     1     3     1     1     0    38
   264   263   271   119   100   101     0     0     1     3     1     1     0    39
   263   262   272   120   103   102     0     0     1     3     1     1     0    40
   262   261   272   121   104   103     0     0     1     3     1     1     0    41
   261   260   272   122   106   104     0     0     1     3     1     1     0    42
   260   259   272   123   105   106     0     0     1     3     1     1     0    43
   259   258   271   124   107   108     0     0     1     3     1     1     0    44
   258   257   270   125   109   110     0     0     1     3     1     1     0    45
   257   255   269   126   114   111     0     0     1     3     1     1     0    46
   256   268   267   128   115   112     0     0     1     3     1     1     0    47
   255   256   269   129   113   114     0     0     1     3     1     1     0    48
   250   267   268   134   115   131     0     0     1     3     1     1     0    49
   249   266   267   136   116   133     0     0     1     3     1     1     0    50
   248   265   266   138   117   135     0     0     1     3     1     1     0    51
   247   264   265   140   118   137     0     0     1     3     1     1     0    52
   246   263   264   142   119   139     0     0     1     3     1     1     0    53
   245   262   263   144   120   141     0     0     1     3     1     1     0    54
   242   261   262   148   121   145     0     0     1     3     1     1     0    55
   241   260   261   150   122   147     0     0     1     3     1     1     0    56
   238   259   260   154   123   151     0     0     1     3     1     1     0    57
   237   258   259   156   124   153     0     0     1     3     1     1     0    58
   236   257   258   158   125   155     0     0     1     3     1     1     0    59
   235   255   257   159   126   157     0     0     1     3     1     1     0    60
   256   233   268   161   127   128     0     0     1     3     1     1     0    61
   255   232   256   163   162   129     0     0     1     3     1     1     0    62
   254   253   252   166   165   130     0     0     1     3     1     1     0    63
   252   251   254   167   160   130     0     0     1     3     1     1     0    64
   251   250   268   168   131   132     0     0     1     3     1     1     0    65
   250   249   267   169   133   134     0     0     1     3     1     1     0    66
   249   248   266   170   135   136     0     0     1     3     1     1     0    67
   248   247   265   171   137   138     0     0     1     3     1     1     0    68
   247   246   264   172   139   140     0     0     1     3     1     1     0    69
   246   245   263   173   141   142     0     0     1     3     1     1     0    70
   244   243   262   174   146   143     0     0     1     3     1     1     0    71
   245   244   262   175   143   144     0     0     1     3     1     1     0    72
   243   242   262   176   145   146     0     0     1     3     1     1     0    73
   242   241   261   177   147   148     0     0     1     3     1     1     0    74
   240   239   260   178   152   149     0     0     1     3     1     1     0    75
   241   240   260   179   149   150     0     0     1     3     1     1     0    76
   239   238   260   180   151   152     0     0     1     3     1     1     0    77
   238   237   259   181   153   154     0     0     1     3     1     1     0    78
   237   236   258   182   155   156     0     0     1     3     1     1     0    79
   236   235   257   183   157   158     0     0     1     3     1     1     0    80
   235   234   255   184   164   159     0     0     1     3     1     1     0    81
   232   233   256   187   161   162     0     0     1     3     1     1     0    82
    14   251   252   193   167   190     0     0     1     3     1     1     0    83
    16   250   251   195   168   192     0     0     1     3     1     1     0    84
    18   249   250   197   169   194     0     0     1     3     1     1     0    85
    20   248   249   199   170   196     0     0     1     3     1     1     0    86
    22   247   248   201   171   198     0     0     1     3     1     1     0    87
    24   246   247   203   172   200     0     0     1     3     1     1     0    88
    26   245   246   205   173   202     0     0     1     3     1     1     0    89
    28   244   245   207   175   204     0     0     1     3     1     1     0    90
    35   242   243   211   176   208     0     0     1     3     1     1     0    91
    37   241   242   213   177   210     0     0     1     3     1     1     0    92
    39   240   241   215   179   212     0     0     1     3     1     1     0    93
    46   238   239   219   180   216     0     0     1     3     1     1     0    94
    48   237   238   221   181   218     0     0     1     3     1     1     0    95
    50   236   237   223   182   220     0     0     1     3     1     1     0    96
    52   235   236   225   183   222     0     0     1     3     1     1     0    97
    54   234   235   227   184   224     0     0     1     3     1     1     0    98
   233    59   254   228   185   186     0     0     1     3     1     1     0    99
   232    61   233   230   229   187     0     0     1     3     1     1     0   100
     7     9   253     8   188   189     0     0     1     3     1     1     0   101
    12    14   252    13   190   191     0     0     1     3     1     1     0   102
    14    16   251    15   192   193     0     0     1     3     1     1     0   103
    16    18   250    17   194   195     0     0     1     3     1     1     0   104
    18    20   249    19   196   197     0     0     1     3     1     1     0   105
    20    22   248    21   198   199     0     0     1     3     1     1     0   106
    22    24   247    23   200   201     0     0     1     3     1     1     0   107
    24    26   246    25   202   203     0     0     1     3     1     1     0   108
    26    28   245    27   204   205     0     0     1     3     1     1     0   109
    28    30   244    29   206   207     0     0     1     3     1     1     0   110
    33    35   243    34   208   209     0     0     1     3     1     1     0   111
    35    37   242    36   210   211     0     0     1     3     1     1     0   112
    37    39   241    38   212   213     0     0     1     3     1     1     0   113
    39    41   240    40   214   215     0     0     1     3     1     1     0   114
    44    46   239    45   216   217     0     0     1     3     1     1     0   115
    46    48   238    47   218   219     0     0     1     3     1     1     0   116
    48    50   237    49   220   221     0     0     1     3     1     1     0   117
    50    52   236    51   222   223     0     0     1     3     1     1     0   118
    52    54   235    53   224   225     0     0     1     3     1     1     0   119
    54    56   234    55   226   227     0     0     1     3     1     1     0   120
    61    59   233    60   228   229     0     0     1     3     1     1     0   121
    63    61   232    62   230   231     0     0     1     3     1     1     0   122
