       1 0.5000000000000E-01
       2 0.1000000000000    
       3 0.1000000000000     0.2000000000000    
       4  0.000000000000     0.2000000000000    
       5  0.000000000000     0.5000000000000E-01
       6 0.5813524822305E-01
       7 0.6627049644610E-01
       8 0.7440574466915E-01
       9 0.8254099289221E-01
      10 0.9127049644610E-01
      11 0.1000000000000     0.8729503553897E-02
      12 0.1000000000000     0.1745900710779E-01
      13 0.1000000000000     0.2618851066169E-01
      14 0.1000000000000     0.3491801421559E-01
      15 0.1000000000000     0.4398018823482E-01
      16 0.1000000000000     0.5304236225405E-01
      17 0.1000000000000     0.6363636363636E-01
      18 0.1000000000000     0.7423036501868E-01
      19 0.1000000000000     0.8332127410959E-01
      20 0.1000000000000     0.9241218320050E-01
      21 0.1000000000000     0.1015030922914    
      22 0.1000000000000     0.1105940013823    
      23 0.1000000000000     0.1196849104732    
      24 0.1000000000000     0.1287758195641    
      25 0.1000000000000     0.1378667286550    
      26 0.1000000000000     0.1469576377460    
      27 0.1000000000000     0.1560198117652    
      28 0.1000000000000     0.1650819857844    
      29 0.1000000000000     0.1738114893383    
      30 0.1000000000000     0.1825409928922    
      31 0.1000000000000     0.1912704964461    
      32 0.9127049644610E-01 0.2000000000000    
      33 0.8254099289221E-01 0.2000000000000    
      34 0.7381148933831E-01 0.2000000000000    
      35 0.6508198578441E-01 0.2000000000000    
      36 0.5754099289221E-01 0.2000000000000    
      37 0.5000000000000E-01 0.2000000000000    
      38 0.4245900710779E-01 0.2000000000000    
      39 0.3491801421559E-01 0.2000000000000    
      40 0.2618851066169E-01 0.2000000000000    
      41 0.1745900710779E-01 0.2000000000000    
      42 0.8729503553897E-02 0.2000000000000    
      43  0.000000000000     0.1912704964461    
      44  0.000000000000     0.1825409928922    
      45  0.000000000000     0.1738114893383    
      46  0.000000000000     0.1650819857844    
      47  0.000000000000     0.1557958744590    
      48  0.000000000000     0.1465097631335    
      49  0.000000000000     0.1343750000000    
      50  0.000000000000     0.1222402368665    
      51  0.000000000000     0.1128652368665    
      52  0.000000000000     0.1034902368665    
      53  0.000000000000     0.9420412554104E-01
      54  0.000000000000     0.8491801421559E-01
      55  0.000000000000     0.7618851066169E-01
      56  0.000000000000     0.6745900710779E-01
      57  0.000000000000     0.5872950355390E-01
      58 0.4829850916781E-01 0.1293267227477E-01
      59 0.4330983950823E-01 0.2498515162594E-01
      60 0.3831140373472E-01 0.3212843512957E-01
      61 0.3214813487401E-01 0.3829487464560E-01
      62 0.2500742307163E-01 0.4329698362838E-01
      63 0.1710637698656E-01 0.4698267623703E-01
      64 0.8685222734711E-02 0.4923989140980E-01
      65 0.2221547606113E-01 0.6853396048036E-01
      66 0.6603321818193E-01 0.4205472025138E-01
      67 0.8154626334996E-01 0.1252639535610E-01
      68 0.8706870998179E-01 0.1816574111668    
      69 0.1852269406414E-01 0.1872585752049    
      70 0.6736852001161E-01 0.1378167939233E-01
      71 0.2344844904770E-01 0.5846740462592E-01
      72 0.1348701110741E-01 0.6878511401445E-01
      73 0.7558790193418E-02 0.6468117740461E-01
      74 0.1611197868670E-01 0.5444301196922E-01
      75 0.7558790193418E-02 0.5595167385071E-01
      76 0.1283921884549E-01 0.1815330910643    
      77 0.1450666650894E-01 0.1942945758444    
      78 0.5777162955039E-02 0.1855650722905    
      79 0.5777162955039E-02 0.1942945758444    
      80 0.8137549820972E-01 0.1874412631941    
      81 0.9422408639945E-01 0.1855721199528    
      82 0.8549458284555E-01 0.1943016235067    
      83 0.9422408639945E-01 0.1943016235067    
      84 0.8684849448166E-01 0.1833998196104E-01
      85 0.8545044928912E-01 0.5711330383539E-02
      86 0.9417995284302E-01 0.1444083393744E-01
      87 0.9417995284302E-01 0.5711330383539E-02
      88 0.6294362389087E-01 0.2255040787432E-01
      89 0.5165712925878E-01 0.1945919023274E-01
      90 0.6313745772772E-01 0.6966614419769E-02
      91 0.5500220950467E-01 0.6966614419769E-02
      92 0.4909863474636E-01 0.1453994301464    
      93 0.5074074405199E-01 0.1229550143185    
      94 0.5112266001909E-01 0.9840921724577E-01
      95 0.5854900372542E-01 0.8967167221379E-01
      96 0.5801721334931E-01 0.7976658945260E-01
      97 0.6023852533079E-01 0.1022703527931    
      98 0.5999075153051E-01 0.1197780678018    
      99 0.6199748524929E-01 0.1109665498675    
     100 0.5759516253558E-01 0.1409772058865    
     101 0.5791931395805E-01 0.1317251842952    
     102 0.5802449080241E-01 0.1514745052209    
     103 0.5790119486767E-01 0.1621319983892    
     104 0.4954252359236E-01 0.1642451069900    
     105 0.4127945424592E-01 0.1504224716547    
     106 0.4111893162497E-01 0.1618864712824    
     107 0.4115318232335E-01 0.1289196312565    
     108 0.4085012597909E-01 0.1399251723204    
     109 0.4290362298787E-01 0.1052206120245    
     110 0.4322461989581E-01 0.1169725147630    
     111 0.4121410138250E-01 0.9262193144520E-01
     112 0.5760088212791E-01 0.6908282619536E-01
     113 0.4901680719232E-01 0.7512677340924E-01
     114 0.3937325507458E-01 0.8048755496289E-01
     115 0.6639244793818E-01 0.6333224791618E-01
     116 0.6713307866100E-01 0.8362772499991E-01
     117 0.6942382895562E-01 0.1022290048355    
     118 0.6917605515535E-01 0.1197367198442    
     119 0.6684517001410E-01 0.1378002593697    
     120 0.6639772265689E-01 0.1577097741293    
     121 0.5791575544684E-01 0.1704803758985    
     122 0.4113349220415E-01 0.1702348487918    
     123 0.3287042285770E-01 0.1564122134565    
     124 0.3333400182291E-01 0.1339426727648    
     125 0.3331606125922E-01 0.1111852289624    
     126 0.3115421804335E-01 0.8729894974161E-01
     127 0.5712186452122E-01 0.4866504825409E-01
     128 0.5739204178119E-01 0.5869243187283E-01
     129 0.3895692385318E-01 0.6980379170566E-01
     130 0.7560995602484E-01 0.2821244503206E-01
     131 0.7476381996644E-01 0.5810792226982E-01
     132 0.7482076646095E-01 0.4818768605294E-01
     133 0.7521387046561E-01 0.7838373492642E-01
     134 0.7497266031315E-01 0.6849831659236E-01
     135 0.7608404551373E-01 0.9762138829993E-01
     136 0.7574566084172E-01 0.8828881768761E-01
     137 0.7776400512929E-01 0.1153379965373    
     138 0.7784300543223E-01 0.1063175853743    
     139 0.7536958154215E-01 0.1332074832167    
     140 0.7575727141051E-01 0.1241495144716    
     141 0.7509838713966E-01 0.1518625967942    
     142 0.7504543011968E-01 0.1424595048080    
     143 0.7598183694342E-01 0.1715394213089    
     144 0.7497509120492E-01 0.1625200899625    
     145 0.6199064320004E-01 0.1769500397119    
     146 0.7028862517134E-01 0.1773232733362    
     147 0.4556167768959E-01 0.1789439425037    
     148 0.5363197192474E-01 0.1790631483127    
     149 0.2910048122747E-01 0.1769021059026    
     150 0.3713808572220E-01 0.1765853067962    
     151 0.2446159873128E-01 0.1616047030594    
     152 0.2341700600883E-01 0.1711766217619    
     153 0.2508798014880E-01 0.1395913024561    
     154 0.2462212135222E-01 0.1501407034317    
     155 0.2512954516402E-01 0.1177656430694    
     156 0.2539103649307E-01 0.1285857613922    
     157 0.2421114110904E-01 0.9589858930505E-01
     158 0.2480854825607E-01 0.1060137403309    
     159 0.2237029480112E-01 0.8376421282274E-01
     160 0.7467037705141E-01 0.3730055271067E-01
     161 0.4833029871094E-01 0.5441562653327E-01
     162 0.4018989683974E-01 0.5973723585122E-01
     163 0.3054634472199E-01 0.6509801740487E-01
     164 0.2058490678170E-01 0.7541572679340E-01
     165 0.8003485214559E-01 0.1944371655006E-01
     166 0.7030772489315E-01 0.2239885842711E-01
     167 0.8439750430385E-01 0.3434541083362E-01
     168 0.8340097883592E-01 0.5335375472912E-01
     169 0.8358524249387E-01 0.7315940928006E-01
     170 0.8416483731833E-01 0.9237739822644E-01
     171 0.8442422168740E-01 0.1107303800017    
     172 0.8395753151609E-01 0.1288087599099    
     173 0.8362279866771E-01 0.1472698206412    
     174 0.7999603539261E-01 0.1804954273475    
     175 0.8468250142619E-01 0.1656922439738    
     176 0.6600484164924E-01 0.1859060457505    
     177 0.4963656544279E-01 0.1854136063171    
     178 0.1980758699955E-01 0.1802025145804    
     179 0.3352866671292E-01 0.1856111996146    
     180 0.1516870450335E-01 0.1649051117372    
     181 0.1667915602238E-01 0.1447837920591    
     182 0.1688352348992E-01 0.1234142727607    
     183 0.1602462501384E-01 0.1024790034121    
     184 0.1364182984739E-01 0.8401536635683E-01
     185 0.5459633414032E-01 0.2807636926752E-01
     186 0.5697147511168E-01 0.3777791491182E-01
     187 0.3991971957976E-01 0.4970985223248E-01
     188 0.7863680695305E-01 0.6815064972560E-02
     189 0.7050155873000E-01 0.6815064972560E-02
     190 0.9266854163864E-01 0.3008765868530E-01
     191 0.9266854163864E-01 0.2135815513140E-01
     192 0.9172896266521E-01 0.4823794038314E-01
     193 0.9172896266521E-01 0.3917576636391E-01
     194 0.9167201617071E-01 0.6875217798234E-01
     195 0.9167201617071E-01 0.5815817660002E-01
     196 0.9191322632316E-01 0.8772850540731E-01
     197 0.9191322632316E-01 0.7863759631640E-01
     198 0.9225161099517E-01 0.1061519851105    
     199 0.9225161099517E-01 0.9706107601963E-01
     200 0.9217261069223E-01 0.1242633053644    
     201 0.9217261069223E-01 0.1151723962735    
     202 0.9178492082386E-01 0.1424121832005    
     203 0.9178492082386E-01 0.1333212741096    
     204 0.9183787784385E-01 0.1608774492059    
     205 0.9183787784385E-01 0.1518152751867    
     206 0.9284462358234E-01 0.1786262841062    
     207 0.9284462358234E-01 0.1698967805523    
     208 0.6969240470247E-01 0.1931396396874    
     209 0.7842190825637E-01 0.1931396396874    
     210 0.5385342983897E-01 0.1927664060631    
     211 0.6139442273118E-01 0.1927664060631    
     212 0.3824214271162E-01 0.1926472002541    
     213 0.4578313560382E-01 0.1926472002541    
     214 0.2147503466299E-01 0.1929639993605    
     215 0.3020453821689E-01 0.1929639993605    
     216 0.7062055890453E-02 0.1697795081121    
     217 0.7062055890453E-02 0.1785090116660    
     218 0.8106648612899E-02 0.1509214780841    
     219 0.8106648612899E-02 0.1602075894096    
     220 0.8572507409481E-02 0.1282373139750    
     221 0.8572507409481E-02 0.1403720771085    
     222 0.8311016080438E-02 0.1080421956522    
     223 0.8311016080438E-02 0.1174171956522    
     224 0.7713608933401E-02 0.8864093330088E-01
     225 0.7713608933401E-02 0.9792704462634E-01
     226 0.5928220913989E-02 0.7156294371764E-01
     227 0.5928220913989E-02 0.8029244727154E-01
     228 0.4568498047960E-01 0.3468669727023E-01
     229 0.4010412816249E-01 0.4134155878007E-01
     230 0.3196372629128E-01 0.4666316809802E-01
     231 0.2444284734756E-01 0.5100706889373E-01
     232 0.3177931770856E-01 0.5503146155043E-01
     233 0.4806012145097E-01 0.4438824291453E-01
     234 0.1185644182798E-01 0.7566688032749E-01
     235 0.1542721786680E-01 0.9236385238618E-01
     236 0.1662203216088E-01 0.1125941544380    
     237 0.1714501481896E-01 0.1342343910835    
     238 0.1621329722580E-01 0.1553331930347    
     239 0.1412411178091E-01 0.1744770304397    
     240 0.2549106221819E-01 0.1859279987210    
     241 0.4156627120765E-01 0.1852944005081    
     242 0.5770685967794E-01 0.1855328121261    
     243 0.7430282362054E-01 0.1862792793748    
     244 0.8568924716469E-01 0.1747115753202    
     245 0.8367575568770E-01 0.1566729126274    
     246 0.8356984164772E-01 0.1378667286550    
     247 0.8434522138446E-01 0.1197507911647    
     248 0.8450322199034E-01 0.1017099688388    
     249 0.8382645264633E-01 0.8304482761412E-01
     250 0.8334403234141E-01 0.6327399094600E-01
     251 0.8345792533043E-01 0.4343351851223E-01
     252 0.8533708327728E-01 0.2525730315501E-01
     253 0.7473262101389E-01 0.1363012994512E-01
     254 0.6588282877240E-01 0.3116758690910E-01
     255 0.2931337173543E-01 0.7516457325930E-01
     256 0.4860047597092E-01 0.6444301015201E-01
     257 0.3299506435127E-01 0.9943332622392E-01
     258 0.3363705816717E-01 0.1229371317009    
     259 0.3303094547864E-01 0.1449482138288    
     260 0.3270990023675E-01 0.1678762130842    
     261 0.4955708417154E-01 0.1725934844993    
     262 0.6627442672214E-01 0.1683672672976    
     263 0.6652101859163E-01 0.1470522809610    
     264 0.6716932143657E-01 0.1285482377785    
     265 0.7118278887413E-01 0.1109252019099    
     266 0.6766486903711E-01 0.9353280776110E-01
     267 0.6660128828489E-01 0.7372264223872E-01
     268 0.6618360759147E-01 0.5294185359365E-01
     269 0.4943313841373E-01 0.8581053666648E-01
     270 0.5281218162446E-01 0.1110078978251    
     271 0.4866930647953E-01 0.1349021308120    
     272 0.4952796301319E-01 0.1558967294807    
     273 0.6000441900933E-01 0.1393322883954E-01
     274 0.8835990568604E-01 0.1142266076708E-01
     275 0.8844817279890E-01 0.1886032470134    
     276 0.1155432591008E-01 0.1885891516889    
     277 0.1511758038684E-01 0.6190334770142E-01
