  255   277   232    65    71   163
  234   277   255    72    65   164
  268   254   251    66   160   132
  233   254   268   186    66   127
  253   274   252    67    84   165
    9   274   253    85    67   188
  244   275   243    68    80   174
   30   275   244    81    68   206
  240   276   239    69    76   178
   41   276   240    77    69   214
  253   273     7    70    90   189
  254   273   253    88    70   166
  232   277    63    71    74   231
  277   234    56    72   226    73
    5   277    56    75    73    57
    5    63   277    64    74    75
  276    44   239    78   217    76
    4   276    41    79    77    42
    4    44   276    43    78    79
  275    33   243    82   209    80
    3   275    30    83    81    31
    3    33   275    32    82    83
  274    12   252    86   191    84
    2   274     9    87    85    10
    2    12   274    11    86    87
  273   254    59    88   185    89
    1   273    59    91    89    58
    1     7   273     6    90    91
  266   270   269    97    94    95
  264   271   270   101    93    98
  263   272   271   102    92   100
  259   271   272   108    92   105
  258   270   271   110    93   107
  257   269   270   111    94   109
  269   256   267   113   112    96
  267   266   269   116    95    96
  266   265   270   117    99    97
  265   264   270   118    98    99
  264   263   271   119   100   101
  263   262   272   120   103   102
  262   261   272   121   104   103
  261   260   272   122   106   104
  260   259   272   123   105   106
  259   258   271   124   107   108
  258   257   270   125   109   110
  257   255   269   126   114   111
  256   268   267   128   115   112
  255   256   269   129   113   114
  250   267   268   134   115   131
  249   266   267   136   116   133
  248   265   266   138   117   135
  247   264   265   140   118   137
  246   263   264   142   119   139
  245   262   263   144   120   141
  242   261   262   148   121   145
  241   260   261   150   122   147
  238   259   260   154   123   151
  237   258   259   156   124   153
  236   257   258   158   125   155
  235   255   257   159   126   157
  256   233   268   161   127   128
  255   232   256   163   162   129
  254   253   252   166   165   130
  252   251   254   167   160   130
  251   250   268   168   131   132
  250   249   267   169   133   134
  249   248   266   170   135   136
  248   247   265   171   137   138
  247   246   264   172   139   140
  246   245   263   173   141   142
  244   243   262   174   146   143
  245   244   262   175   143   144
  243   242   262   176   145   146
  242   241   261   177   147   148
  240   239   260   178   152   149
  241   240   260   179   149   150
  239   238   260   180   151   152
  238   237   259   181   153   154
  237   236   258   182   155   156
  236   235   257   183   157   158
  235   234   255   184   164   159
  232   233   256   187   161   162
   14   251   252   193   167   190
   16   250   251   195   168   192
   18   249   250   197   169   194
   20   248   249   199   170   196
   22   247   248   201   171   198
   24   246   247   203   172   200
   26   245   246   205   173   202
   28   244   245   207   175   204
   35   242   243   211   176   208
   37   241   242   213   177   210
   39   240   241   215   179   212
   46   238   239   219   180   216
   48   237   238   221   181   218
   50   236   237   223   182   220
   52   235   236   225   183   222
   54   234   235   227   184   224
  233    59   254   228   185   186
  232    61   233   230   229   187
    7     9   253     8   188   189
   12    14   252    13   190   191
   14    16   251    15   192   193
   16    18   250    17   194   195
   18    20   249    19   196   197
   20    22   248    21   198   199
   22    24   247    23   200   201
   24    26   246    25   202   203
   26    28   245    27   204   205
   28    30   244    29   206   207
   33    35   243    34   208   209
   35    37   242    36   210   211
   37    39   241    38   212   213
   39    41   240    40   214   215
   44    46   239    45   216   217
   46    48   238    47   218   219
   48    50   237    49   220   221
   50    52   236    51   222   223
   52    54   235    53   224   225
   54    56   234    55   226   227
   61    59   233    60   228   229
   63    61   232    62   230   231
