    67   120   121    90     0     0     0     0     1     1     1     1     0     1
    89   119   120    67     0     0     0     0     1     1     1     1     0     2
    65    89    67    66     0     0     0     0     1     1     1     1     0     3
   129    47    54    55     0     0     0     0     1     1     1     1     0     4
   129    65    66    47     0     0     0     0     1     1     1     1     0     5
    66    53    54    47     0     0     0     0     1     1     1     1     0     6
   129    55    56    48     0     0     0     0     1     1     1     1     0     7
   129    48    64    65     0     0     0     0     1     1     1     1     0     8
    64    48    49    63     0     0     0     0     1     1     1     1     0     9
    49    48    56    57     0     0     0     0     1     1     1     1     0    10
    63    49    50    62     0     0     0     0     1     1     1     1     0    11
    50    49    57    58     0     0     0     0     1     1     1     1     0    12
    62    50    60    61     0     0     0     0     1     1     1     1     0    13
    60    50    58    59     0     0     0     0     1     1     1     1     0    14
    53    66    67    52     0     0     0     0     1     1     1     1     0    15
    52    67    90    51     0     0     0     0     1     1     1     1     0    16
    65    64    88    89     0     0     0     0     1     1     1     1     0    17
    64    63    87    88     0     0     0     0     1     1     1     1     0    18
    63    62    86    87     0     0     0     0     1     1     1     1     0    19
    62    61    85    86     0     0     0     0     1     1     1     1     0    20
    60    59    81    82     0     0     0     0     1     1     1     1     0    21
    61    60    82    83     0     0     0     0     1     1     1     1     0    22
    85    61    83    84     0     0     0     0     1     1     1     1     0    23
    51    90   128    91     0     0     0     0     1     1     1     1     0    24
    51    91    70    71     0     0     0     0     1     1     1     1     0    25
    52    51    71    72     0     0     0     0     1     1     1     1     0    26
    53    52    72    73     0     0     0     0     1     1     1     1     0    27
    54    53    73    74     0     0     0     0     1     1     1     1     0    28
    55    54    74    75     0     0     0     0     1     1     1     1     0    29
    56    55    75    76     0     0     0     0     1     1     1     1     0    30
    57    56    76    77     0     0     0     0     1     1     1     1     0    31
    58    57    77    78     0     0     0     0     1     1     1     1     0    32
    59    58    78    79     0     0     0     0     1     1     1     1     0    33
    81    59    79    80     0     0     0     0     1     1     1     1     0    34
    70    91   126    69     0     0     0     0     1     1     1     1     0    35
    91   128   127   126     0     0     0     0     1     1     1     1     0    36
    85    84   115   116     0     0     0     0     1     1     1     1     0    37
    86    85   116   124     0     0     0     0     1     1     1     1     0    38
    87    86   124   117     0     0     0     0     1     1     1     1     0    39
    88    87   117   118     0     0     0     0     1     1     1     1     0    40
    89    88   118   119     0     0     0     0     1     1     1     1     0    41
   128    90   121   122     0     0     0     0     1     1     1     1     0    42
   127   128   122   123     0     0     0     0     1     1     1     1     0    43
    70    69    96    97     0     0     0     0     1     1     1     1     0    44
    71    70    97    98     0     0     0     0     1     1     1     1     0    45
    72    71    98    99     0     0     0     0     1     1     1     1     0    46
    73    72    99   100     0     0     0     0     1     1     1     1     0    47
    74    73   100   101     0     0     0     0     1     1     1     1     0    48
    75    74   101   102     0     0     0     0     1     1     1     1     0    49
    76    75   102   103     0     0     0     0     1     1     1     1     0    50
    77    76   103   104     0     0     0     0     1     1     1     1     0    51
    78    77   104   105     0     0     0     0     1     1     1     1     0    52
    79    78   105   106     0     0     0     0     1     1     1     1     0    53
    80    79   106   107     0     0     0     0     1     1     1     1     0    54
    80   107   108   109     0     0     0     0     1     1     1     1     0    55
    81    80   109   110     0     0     0     0     1     1     1     1     0    56
    82    81   110   111     0     0     0     0     1     1     1     1     0    57
    83    82   111   112     0     0     0     0     1     1     1     1     0    58
    84    83   112   113     0     0     0     0     1     1     1     1     0    59
   115    84   113   114     0     0     0     0     1     1     1     1     0    60
    69   126   125    68     0     0     0     0     1     1     1     1     0    61
    69    68    95    96     0     0     0     0     1     1     1     1     0    62
    68   125    92    93     0     0     0     0     1     1     1     1     0    63
    95    68    93    94     0     0     0     0     1     1     1     1     0    64
   127   123    46    45     0     0     0     0     1     1     1     1     0    65
   126   127    45    44     0     0     0     0     1     1     1     1     0    66
   125   126    44    43     0     0     0     0     1     1     1     1     0    67
    92   125    43    42     0     0     0     0     1     1     1     1     0    68
    97    96    11    12     0     0     0     0     1     1     1     1     0    69
    98    97    12    13     0     0     0     0     1     1     1     1     0    70
    99    98    13    14     0     0     0     0     1     1     1     1     0    71
   100    99    14    15     0     0     0     0     1     1     1     1     0    72
   101   100    15    16     0     0     0     0     1     1     1     1     0    73
   102   101    16    17     0     0     0     0     1     1     1     1     0    74
   103   102    17    18     0     0     0     0     1     1     1     1     0    75
   104   103    18    19     0     0     0     0     1     1     1     1     0    76
   105   104    19    20     0     0     0     0     1     1     1     1     0    77
   106   105    20    21     0     0     0     0     1     1     1     1     0    78
   111   110    26    27     0     0     0     0     1     1     1     1     0    79
   112   111    27    28     0     0     0     0     1     1     1     1     0    80
   124   116    33    34     0     0     0     0     1     1     1     1     0    81
   117   124    34    35     0     0     0     0     1     1     1     1     0    82
   118   117    35    36     0     0     0     0     1     1     1     1     0    83
   119   118    36    37     0     0     0     0     1     1     1     1     0    84
   120   119    37    38     0     0     0     0     1     1     1     1     0    85
   121   120    38    39     0     0     0     0     1     1     1     1     0    86
   116   115    32    33     0     0     0     0     1     1     1     1     0    87
   122   121    39    40     0     0     0     0     1     1     1     1     0    88
    96    95    10    11     0     0     0     0     1     1     1     1     0    89
   110   109    25    26     0     0     0     0     1     1     1     1     0    90
   113   112    28    29     0     0     0     0     1     1     1     1     0    91
   107   106    21    22     0     0     0     0     1     1     1     1     0    92
   109   108    24    25     0     0     0     0     1     1     1     1     0    93
   123   122    40    41     0     0     0     0     1     1     1     1     0    94
   114   113    29    30     0     0     0     0     1     1     1     1     0    95
    93    92     6     7     0     0     0     0     1     1     1     1     0    96
    94    93     7     8     0     0     0     0     1     1     1     1     0    97
    95    94     9    10     0     0     0     0     1     1     1     1     0    98
     9    94     8     2     0     0     0     0     1     1     1     1     0    99
   108   107    22    23     0     0     0     0     1     1     1     1     0   100
   108    23     3    24     0     0     0     0     1     1     1     1     0   101
   115   114    31    32     0     0     0     0     1     1     1     1     0   102
    31   114    30     4     0     0     0     0     1     1     1     1     0   103
     6    92    42     1     0     0     0     0     1     1     1     1     0   104
   123    41     5    46     0     0     0     0     1     1     1     1     0   105
