       1 0.5000000000000E-01
       2 0.1000000000000    
       3 0.1000000000000     0.2000000000000    
       4  0.000000000000     0.2000000000000    
       5  0.000000000000     0.5000000000000E-01
       6 0.6234526347470E-01
       7 0.7530947305060E-01
       8 0.8765473652530E-01
       9 0.1000000000000     0.1234526347470E-01
      10 0.1000000000000     0.2469052694940E-01
      11 0.1000000000000     0.3718669600664E-01
      12 0.1000000000000     0.5031330399336E-01
      13 0.1000000000000     0.6281330399336E-01
      14 0.1000000000000     0.7531330399336E-01
      15 0.1000000000000     0.8781330399336E-01
      16 0.1000000000000     0.1003133039934    
      17 0.1000000000000     0.1128133039934    
      18 0.1000000000000     0.1253133039934    
      19 0.1000000000000     0.1378133039934    
      20 0.1000000000000     0.1503133039934    
      21 0.1000000000000     0.1628133039934    
      22 0.1000000000000     0.1753094730506    
      23 0.1000000000000     0.1876547365253    
      24 0.8765473652530E-01 0.2000000000000    
      25 0.7530947305060E-01 0.2000000000000    
      26 0.6281330399336E-01 0.2000000000000    
      27 0.4968669600664E-01 0.2000000000000    
      28 0.3718669600664E-01 0.2000000000000    
      29 0.2469052694940E-01 0.2000000000000    
      30 0.1234526347470E-01 0.2000000000000    
      31  0.000000000000     0.1876547365253    
      32  0.000000000000     0.1753094730506    
      33  0.000000000000     0.1628133039934    
      34  0.000000000000     0.1496866960066    
      35  0.000000000000     0.1371866960066    
      36  0.000000000000     0.1246866960066    
      37  0.000000000000     0.1121866960066    
      38  0.000000000000     0.9968669600664E-01
      39  0.000000000000     0.8718669600664E-01
      40  0.000000000000     0.7469052694940E-01
      41  0.000000000000     0.6234526347470E-01
      42 0.4852598387488E-01 0.1205109492848E-01
      43 0.4289611632134E-01 0.2568897048436E-01
      44 0.3496092067131E-01 0.3574540566023E-01
      45 0.2467904786396E-01 0.4348499277370E-01
      46 0.1097147163883E-01 0.4878141869686E-01
      47 0.5183450480426E-01 0.1082285758165    
      48 0.5009754589473E-01 0.1278132195050    
      49 0.5015447166832E-01 0.1389670268943    
      50 0.5017791645341E-01 0.1508052874182    
      51 0.5189381212165E-01 0.7274659939947E-01
      52 0.5507719498147E-01 0.8482079001267E-01
      53 0.5806779097524E-01 0.9493692002704E-01
      54 0.6289772217036E-01 0.1047130294034    
      55 0.6339412378275E-01 0.1161782717933    
      56 0.6300040478488E-01 0.1273911714109    
      57 0.6287146800381E-01 0.1389408506350    
      58 0.6284670203205E-01 0.1507607108927    
      59 0.6273780349404E-01 0.1629047954181    
      60 0.5017149441383E-01 0.1629200979037    
      61 0.3758685382975E-01 0.1628334075960    
      62 0.3760530277827E-01 0.1506342654382    
      63 0.3735843656150E-01 0.1384670848226    
      64 0.3773889317335E-01 0.1259904611194    
      65 0.3915903476326E-01 0.1134978367274    
      66 0.4381108644057E-01 0.1017813899686    
      67 0.3556458887003E-01 0.9358399061392E-01
      68 0.6820105263341E-01 0.2818121598798E-01
      69 0.6594068977708E-01 0.4158895927306E-01
      70 0.6694989706236E-01 0.5439390946174E-01
      71 0.6945107884107E-01 0.6685671575339E-01
      72 0.7114266291128E-01 0.7953647872596E-01
      73 0.7266205214610E-01 0.9116007183249E-01
      74 0.7486171133136E-01 0.1026405071894    
      75 0.7558281980635E-01 0.1146059467229    
      76 0.7555543541220E-01 0.1265371823143    
      77 0.7541689417786E-01 0.1385085003993    
      78 0.7538738352614E-01 0.1506902457306    
      79 0.7535291525175E-01 0.1628584097940    
      80 0.7508903226584E-01 0.1752153206095    
      81 0.6269434565991E-01 0.1752514343535    
      82 0.5007246542722E-01 0.1752678823092    
      83 0.3746486820763E-01 0.1752431626300    
      84 0.2490220537985E-01 0.1751819596090    
      85 0.2504059143362E-01 0.1627495036157    
      86 0.2493864591205E-01 0.1503886090755    
      87 0.2492729150599E-01 0.1376341245829    
      88 0.2542841325679E-01 0.1245191901645    
      89 0.2743879201794E-01 0.1106165031885    
      90 0.3516787498357E-01 0.7858616464787E-01
      91 0.4989862090498E-01 0.5884423180296E-01
      92 0.5868975933055E-01 0.1326016673689E-01
      93 0.7183967693961E-01 0.1414240385003E-01
      94 0.8571676909515E-01 0.1366235766533E-01
      95 0.8418008575368E-01 0.2668690322614E-01
      96 0.8341234037218E-01 0.3935706193180E-01
      97 0.8414501146013E-01 0.5158603120665E-01
      98 0.8460742921824E-01 0.6428923955384E-01
      99 0.8562753538578E-01 0.7662476706373E-01
     100 0.8653784770005E-01 0.8892047401267E-01
     101 0.8730830821697E-01 0.1011899033892    
     102 0.8775812470752E-01 0.1134521126805    
     103 0.8779395113798E-01 0.1258014711469    
     104 0.8775238755000E-01 0.1380748731679    
     105 0.8773356812620E-01 0.1504691055038    
     106 0.8779202614076E-01 0.1627893273401    
     107 0.8758594316698E-01 0.1751847987768    
     108 0.8756586892900E-01 0.1875838551483    
     109 0.7512425199384E-01 0.1876200867321    
     110 0.6252807299184E-01 0.1876391720875    
     111 0.4991320714428E-01 0.1876270285999    
     112 0.3733175007095E-01 0.1876644030913    
     113 0.2483132985659E-01 0.1876783160109    
     114 0.1242818828895E-01 0.1876516858660    
     115 0.1240599832104E-01 0.1752163577385    
     116 0.1243927915435E-01 0.1626176820405    
     117 0.1258264960330E-01 0.1372564855454    
     118 0.1267094914729E-01 0.1244082078337    
     119 0.1501722065440E-01 0.1099452555165    
     120 0.1733380567528E-01 0.9640939223655E-01
     121 0.1796977890887E-01 0.8328410810776E-01
     122 0.1676760978292E-01 0.7076741060584E-01
     123 0.1400261108533E-01 0.5897050122076E-01
     124 0.1244593174236E-01 0.1501019591877    
     125 0.5345286675004E-01 0.2770281807003E-01
     126 0.4665475424957E-01 0.4357711502715E-01
     127 0.2913803888101E-01 0.5328548073398E-01
     128 0.3343614154272E-01 0.6486556948137E-01
     129 0.5071612101567E-01 0.1165994519253    
