       4  0.000000000000     0.2000000000000    
       5  0.000000000000     0.5000000000000E-01
      31  0.000000000000     0.1876547365253    
      32  0.000000000000     0.1753094730506    
      33  0.000000000000     0.1628133039934    
      34  0.000000000000     0.1496866960066    
      35  0.000000000000     0.1371866960066    
      36  0.000000000000     0.1246866960066    
      37  0.000000000000     0.1121866960066    
      38  0.000000000000     0.9968669600664E-01
      39  0.000000000000     0.8718669600664E-01
      40  0.000000000000     0.7469052694940E-01
      41  0.000000000000     0.6234526347470E-01
