   67   120   121    90
   89   119   120    67
   65    89    67    66
  129    47    54    55
  129    65    66    47
   66    53    54    47
  129    55    56    48
  129    48    64    65
   64    48    49    63
   49    48    56    57
   63    49    50    62
   50    49    57    58
   62    50    60    61
   60    50    58    59
   53    66    67    52
   52    67    90    51
   65    64    88    89
   64    63    87    88
   63    62    86    87
   62    61    85    86
   60    59    81    82
   61    60    82    83
   85    61    83    84
   51    90   128    91
   51    91    70    71
   52    51    71    72
   53    52    72    73
   54    53    73    74
   55    54    74    75
   56    55    75    76
   57    56    76    77
   58    57    77    78
   59    58    78    79
   81    59    79    80
   70    91   126    69
   91   128   127   126
   85    84   115   116
   86    85   116   124
   87    86   124   117
   88    87   117   118
   89    88   118   119
  128    90   121   122
  127   128   122   123
   70    69    96    97
   71    70    97    98
   72    71    98    99
   73    72    99   100
   74    73   100   101
   75    74   101   102
   76    75   102   103
   77    76   103   104
   78    77   104   105
   79    78   105   106
   80    79   106   107
   80   107   108   109
   81    80   109   110
   82    81   110   111
   83    82   111   112
   84    83   112   113
  115    84   113   114
   69   126   125    68
   69    68    95    96
   68   125    92    93
   95    68    93    94
  127   123    46    45
  126   127    45    44
  125   126    44    43
   92   125    43    42
   97    96    11    12
   98    97    12    13
   99    98    13    14
  100    99    14    15
  101   100    15    16
  102   101    16    17
  103   102    17    18
  104   103    18    19
  105   104    19    20
  106   105    20    21
  111   110    26    27
  112   111    27    28
  124   116    33    34
  117   124    34    35
  118   117    35    36
  119   118    36    37
  120   119    37    38
  121   120    38    39
  116   115    32    33
  122   121    39    40
   96    95    10    11
  110   109    25    26
  113   112    28    29
  107   106    21    22
  109   108    24    25
  123   122    40    41
  114   113    29    30
   93    92     6     7
   94    93     7     8
   95    94     9    10
    9    94     8     2
  108   107    22    23
  108    23     3    24
  115   114    31    32
   31   114    30     4
    6    92    42     1
  123    41     5    46
