5.000000000e-002 0.000000000e+000
1.000000000e-001 0.000000000e+000
1.000000000e-001 2.000000000e-001
0.000000000e+000 2.000000000e-001
0.000000000e+000 5.000000000e-002
6.234526347e-002 0.000000000e+000
7.530947305e-002 0.000000000e+000
8.765473653e-002 0.000000000e+000
1.000000000e-001 1.234526347e-002
1.000000000e-001 2.469052695e-002
1.000000000e-001 3.718669601e-002
1.000000000e-001 5.031330399e-002
1.000000000e-001 6.281330399e-002
1.000000000e-001 7.531330399e-002
1.000000000e-001 8.781330399e-002
1.000000000e-001 1.003133040e-001
1.000000000e-001 1.128133040e-001
1.000000000e-001 1.253133040e-001
1.000000000e-001 1.378133040e-001
1.000000000e-001 1.503133040e-001
1.000000000e-001 1.628133040e-001
1.000000000e-001 1.753094731e-001
1.000000000e-001 1.876547365e-001
8.765473653e-002 2.000000000e-001
7.530947305e-002 2.000000000e-001
6.281330399e-002 2.000000000e-001
4.968669601e-002 2.000000000e-001
3.718669601e-002 2.000000000e-001
2.469052695e-002 2.000000000e-001
1.234526347e-002 2.000000000e-001
0.000000000e+000 1.876547365e-001
0.000000000e+000 1.753094731e-001
0.000000000e+000 1.628133040e-001
0.000000000e+000 1.496866960e-001
0.000000000e+000 1.371866960e-001
0.000000000e+000 1.246866960e-001
0.000000000e+000 1.121866960e-001
0.000000000e+000 9.968669601e-002
0.000000000e+000 8.718669601e-002
0.000000000e+000 7.469052695e-002
0.000000000e+000 6.234526347e-002
4.852598387e-002 1.205109493e-002
4.289611632e-002 2.568897048e-002
3.496092067e-002 3.574540566e-002
2.467904786e-002 4.348499277e-002
1.097147164e-002 4.878141870e-002
5.183450480e-002 1.082285758e-001
5.009754589e-002 1.278132195e-001
5.015447167e-002 1.389670269e-001
5.017791645e-002 1.508052874e-001
5.189381212e-002 7.274659940e-002
5.507719498e-002 8.482079001e-002
5.806779098e-002 9.493692003e-002
6.289772217e-002 1.047130294e-001
6.339412378e-002 1.161782718e-001
6.300040478e-002 1.273911714e-001
6.287146800e-002 1.389408506e-001
6.284670203e-002 1.507607109e-001
6.273780349e-002 1.629047954e-001
5.017149441e-002 1.629200979e-001
3.758685383e-002 1.628334076e-001
3.760530278e-002 1.506342654e-001
3.735843656e-002 1.384670848e-001
3.773889317e-002 1.259904611e-001
3.915903476e-002 1.134978367e-001
4.381108644e-002 1.017813900e-001
3.556458887e-002 9.358399061e-002
6.820105263e-002 2.818121599e-002
6.594068978e-002 4.158895927e-002
6.694989706e-002 5.439390946e-002
6.945107884e-002 6.685671575e-002
7.114266291e-002 7.953647873e-002
7.266205215e-002 9.116007183e-002
7.486171133e-002 1.026405072e-001
7.558281981e-002 1.146059467e-001
7.555543541e-002 1.265371823e-001
7.541689418e-002 1.385085004e-001
7.538738353e-002 1.506902457e-001
7.535291525e-002 1.628584098e-001
7.508903227e-002 1.752153206e-001
6.269434566e-002 1.752514344e-001
5.007246543e-002 1.752678823e-001
3.746486821e-002 1.752431626e-001
2.490220538e-002 1.751819596e-001
2.504059143e-002 1.627495036e-001
2.493864591e-002 1.503886091e-001
2.492729151e-002 1.376341246e-001
2.542841326e-002 1.245191902e-001
2.743879202e-002 1.106165032e-001
3.516787498e-002 7.858616465e-002
4.989862090e-002 5.884423180e-002
5.868975933e-002 1.326016674e-002
7.183967694e-002 1.414240385e-002
8.571676910e-002 1.366235767e-002
8.418008575e-002 2.668690323e-002
8.341234037e-002 3.935706193e-002
8.414501146e-002 5.158603121e-002
8.460742922e-002 6.428923955e-002
8.562753539e-002 7.662476706e-002
8.653784770e-002 8.892047401e-002
8.730830822e-002 1.011899034e-001
8.775812471e-002 1.134521127e-001
8.779395114e-002 1.258014711e-001
8.775238755e-002 1.380748732e-001
8.773356813e-002 1.504691055e-001
8.779202614e-002 1.627893273e-001
8.758594317e-002 1.751847988e-001
8.756586893e-002 1.875838551e-001
7.512425199e-002 1.876200867e-001
6.252807299e-002 1.876391721e-001
4.991320714e-002 1.876270286e-001
3.733175007e-002 1.876644031e-001
2.483132986e-002 1.876783160e-001
1.242818829e-002 1.876516859e-001
1.240599832e-002 1.752163577e-001
1.243927915e-002 1.626176820e-001
1.258264960e-002 1.372564855e-001
1.267094915e-002 1.244082078e-001
1.501722065e-002 1.099452555e-001
1.733380568e-002 9.640939224e-002
1.796977891e-002 8.328410811e-002
1.676760978e-002 7.076741061e-002
1.400261109e-002 5.897050122e-002
1.244593174e-002 1.501019592e-001
5.345286675e-002 2.770281807e-002
4.665475425e-002 4.357711503e-002
2.913803888e-002 5.328548073e-002
3.343614154e-002 6.486556948e-002
5.071612102e-002 1.165994519e-001
