    57    78    34    34     0     0     0     0     1     1     1     1     0     1
    37    78    57    57     0     0     0     0     1     1     1     1     0     2
     1    56    30    30     0     0     0     0     1     1     1     1     0     3
     6    56     1     1     0     0     0     0     1     1     1     1     0     4
    56    75    55    55     0     0     0     0     1     1     1     1     0     5
     7    75    56    56     0     0     0     0     1     1     1     1     0     6
    47    76    46    46     0     0     0     0     1     1     1     1     0     7
    17    76    47    47     0     0     0     0     1     1     1     1     0     8
    43    77    42    42     0     0     0     0     1     1     1     1     0     9
    22    77    43    43     0     0     0     0     1     1     1     1     0    10
    34    78    33    33     0     0     0     0     1     1     1     1     0    11
    78    37    29    29     0     0     0     0     1     1     1     1     0    12
     5    78    29    29     0     0     0     0     1     1     1     1     0    13
     5    33    78    78     0     0     0     0     1     1     1     1     0    14
    77    23    42    42     0     0     0     0     1     1     1     1     0    15
     4    77    22    22     0     0     0     0     1     1     1     1     0    16
     4    23    77    77     0     0     0     0     1     1     1     1     0    17
    76    18    46    46     0     0     0     0     1     1     1     1     0    18
     3    76    17    17     0     0     0     0     1     1     1     1     0    19
     3    18    76    76     0     0     0     0     1     1     1     1     0    20
    75     8    55    55     0     0     0     0     1     1     1     1     0    21
     2    75     7     7     0     0     0     0     1     1     1     1     0    22
     2     8    75    75     0     0     0     0     1     1     1     1     0    23
    69    72    71    71     0     0     0     0     1     1     1     1     0    24
    67    73    72    72     0     0     0     0     1     1     1     1     0    25
    66    74    73    73     0     0     0     0     1     1     1     1     0    26
    62    73    74    74     0     0     0     0     1     1     1     1     0    27
    61    72    73    73     0     0     0     0     1     1     1     1     0    28
    60    71    72    72     0     0     0     0     1     1     1     1     0    29
    71    58    70    70     0     0     0     0     1     1     1     1     0    30
    70    69    71    71     0     0     0     0     1     1     1     1     0    31
    69    68    72    72     0     0     0     0     1     1     1     1     0    32
    68    67    72    72     0     0     0     0     1     1     1     1     0    33
    67    66    73    73     0     0     0     0     1     1     1     1     0    34
    66    65    74    74     0     0     0     0     1     1     1     1     0    35
    65    64    74    74     0     0     0     0     1     1     1     1     0    36
    64    63    74    74     0     0     0     0     1     1     1     1     0    37
    63    62    74    74     0     0     0     0     1     1     1     1     0    38
    62    61    73    73     0     0     0     0     1     1     1     1     0    39
    61    60    72    72     0     0     0     0     1     1     1     1     0    40
    60    57    71    71     0     0     0     0     1     1     1     1     0    41
    58    59    70    70     0     0     0     0     1     1     1     1     0    42
    57    58    71    71     0     0     0     0     1     1     1     1     0    43
    53    70    59    59     0     0     0     0     1     1     1     1     0    44
    52    69    70    70     0     0     0     0     1     1     1     1     0    45
    51    68    69    69     0     0     0     0     1     1     1     1     0    46
    50    67    68    68     0     0     0     0     1     1     1     1     0    47
    49    66    67    67     0     0     0     0     1     1     1     1     0    48
    48    65    66    66     0     0     0     0     1     1     1     1     0    49
    45    64    65    65     0     0     0     0     1     1     1     1     0    50
    44    63    64    64     0     0     0     0     1     1     1     1     0    51
    41    62    63    63     0     0     0     0     1     1     1     1     0    52
    40    61    62    62     0     0     0     0     1     1     1     1     0    53
    39    60    61    61     0     0     0     0     1     1     1     1     0    54
    38    57    60    60     0     0     0     0     1     1     1     1     0    55
    59    36    54    54     0     0     0     0     1     1     1     1     0    56
    58    35    59    59     0     0     0     0     1     1     1     1     0    57
    57    34    58    58     0     0     0     0     1     1     1     1     0    58
    55    54    36    36     0     0     0     0     1     1     1     1     0    59
    54    53    59    59     0     0     0     0     1     1     1     1     0    60
    53    52    70    70     0     0     0     0     1     1     1     1     0    61
    52    51    69    69     0     0     0     0     1     1     1     1     0    62
    51    50    68    68     0     0     0     0     1     1     1     1     0    63
    50    49    67    67     0     0     0     0     1     1     1     1     0    64
    49    48    66    66     0     0     0     0     1     1     1     1     0    65
    47    46    65    65     0     0     0     0     1     1     1     1     0    66
    48    47    65    65     0     0     0     0     1     1     1     1     0    67
    46    45    65    65     0     0     0     0     1     1     1     1     0    68
    45    44    64    64     0     0     0     0     1     1     1     1     0    69
    43    42    63    63     0     0     0     0     1     1     1     1     0    70
    44    43    63    63     0     0     0     0     1     1     1     1     0    71
    42    41    63    63     0     0     0     0     1     1     1     1     0    72
    41    40    62    62     0     0     0     0     1     1     1     1     0    73
    40    39    61    61     0     0     0     0     1     1     1     1     0    74
    39    38    60    60     0     0     0     0     1     1     1     1     0    75
    38    37    57    57     0     0     0     0     1     1     1     1     0    76
    36    56    55    55     0     0     0     0     1     1     1     1     0    77
    35    36    59    59     0     0     0     0     1     1     1     1     0    78
    34    35    58    58     0     0     0     0     1     1     1     1     0    79
     9    54    55    55     0     0     0     0     1     1     1     1     0    80
    10    53    54    54     0     0     0     0     1     1     1     1     0    81
    11    52    53    53     0     0     0     0     1     1     1     1     0    82
    12    51    52    52     0     0     0     0     1     1     1     1     0    83
    13    50    51    51     0     0     0     0     1     1     1     1     0    84
    14    49    50    50     0     0     0     0     1     1     1     1     0    85
    15    48    49    49     0     0     0     0     1     1     1     1     0    86
    16    47    48    48     0     0     0     0     1     1     1     1     0    87
    19    45    46    46     0     0     0     0     1     1     1     1     0    88
    20    44    45    45     0     0     0     0     1     1     1     1     0    89
    21    43    44    44     0     0     0     0     1     1     1     1     0    90
    24    41    42    42     0     0     0     0     1     1     1     1     0    91
    25    40    41    41     0     0     0     0     1     1     1     1     0    92
    26    39    40    40     0     0     0     0     1     1     1     1     0    93
    27    38    39    39     0     0     0     0     1     1     1     1     0    94
    28    37    38    38     0     0     0     0     1     1     1     1     0    95
    36    30    56    56     0     0     0     0     1     1     1     1     0    96
    35    31    36    36     0     0     0     0     1     1     1     1     0    97
    34    32    35    35     0     0     0     0     1     1     1     1     0    98
     6     7    56    56     0     0     0     0     1     1     1     1     0    99
     8     9    55    55     0     0     0     0     1     1     1     1     0   100
     9    10    54    54     0     0     0     0     1     1     1     1     0   101
    10    11    53    53     0     0     0     0     1     1     1     1     0   102
    11    12    52    52     0     0     0     0     1     1     1     1     0   103
    12    13    51    51     0     0     0     0     1     1     1     1     0   104
    13    14    50    50     0     0     0     0     1     1     1     1     0   105
    14    15    49    49     0     0     0     0     1     1     1     1     0   106
    15    16    48    48     0     0     0     0     1     1     1     1     0   107
    16    17    47    47     0     0     0     0     1     1     1     1     0   108
    18    19    46    46     0     0     0     0     1     1     1     1     0   109
    19    20    45    45     0     0     0     0     1     1     1     1     0   110
    20    21    44    44     0     0     0     0     1     1     1     1     0   111
    21    22    43    43     0     0     0     0     1     1     1     1     0   112
    23    24    42    42     0     0     0     0     1     1     1     1     0   113
    24    25    41    41     0     0     0     0     1     1     1     1     0   114
    25    26    40    40     0     0     0     0     1     1     1     1     0   115
    26    27    39    39     0     0     0     0     1     1     1     1     0   116
    27    28    38    38     0     0     0     0     1     1     1     1     0   117
    28    29    37    37     0     0     0     0     1     1     1     1     0   118
    31    30    36    36     0     0     0     0     1     1     1     1     0   119
    32    31    35    35     0     0     0     0     1     1     1     1     0   120
    33    32    34    34     0     0     0     0     1     1     1     1     0   121
