       1 0.5000000000000E-01
       2 0.1000000000000    
       3 0.1000000000000     0.2000000000000    
       4  0.000000000000     0.2000000000000    
       5  0.000000000000     0.5000000000000E-01
       6 0.6627049644610E-01
       7 0.8254099289221E-01
       8 0.1000000000000     0.1745900710779E-01
       9 0.1000000000000     0.3491801421559E-01
      10 0.1000000000000     0.5304236225405E-01
      11 0.1000000000000     0.7423036501868E-01
      12 0.1000000000000     0.9241218320050E-01
      13 0.1000000000000     0.1105940013823    
      14 0.1000000000000     0.1287758195641    
      15 0.1000000000000     0.1469576377460    
      16 0.1000000000000     0.1650819857844    
      17 0.1000000000000     0.1825409928922    
      18 0.8254099289221E-01 0.2000000000000    
      19 0.6508198578441E-01 0.2000000000000    
      20 0.5000000000000E-01 0.2000000000000    
      21 0.3491801421559E-01 0.2000000000000    
      22 0.1745900710779E-01 0.2000000000000    
      23  0.000000000000     0.1825409928922    
      24  0.000000000000     0.1650819857844    
      25  0.000000000000     0.1465097631335    
      26  0.000000000000     0.1222402368665    
      27  0.000000000000     0.1034902368665    
      28  0.000000000000     0.8491801421559E-01
      29  0.000000000000     0.6745900710779E-01
      30 0.4747244566479E-01 0.1569607921118E-01
      31 0.4033678090320E-01 0.2954562753383E-01
      32 0.2928477452140E-01 0.4052655896114E-01
      33 0.1538947776147E-01 0.4757272300625E-01
      34 0.3040212940988E-01 0.5585271240096E-01
      35 0.4560693709417E-01 0.4590213163203E-01
      36 0.6183328843654E-01 0.3143616813000E-01
      37 0.1196931626941E-01 0.7641938856072E-01
      38 0.1594088285156E-01 0.9209345805667E-01
      39 0.1673952734536E-01 0.1125192051033    
      40 0.1715918000050E-01 0.1342236940867    
      41 0.1621314998117E-01 0.1553334161570    
      42 0.1412398557122E-01 0.1744772216874    
      43 0.2549091076657E-01 0.1859282282182    
      44 0.4156606697450E-01 0.1852947041250    
      45 0.5779275833459E-01 0.1854340859560    
      46 0.7430278146426E-01 0.1862793362380    
      47 0.8568921334123E-01 0.1747116203928    
      48 0.8367505109807E-01 0.1566725721245    
      49 0.8356984164772E-01 0.1378667286550    
      50 0.8431141159529E-01 0.1197569392131    
      51 0.8438173256697E-01 0.1017417716902    
      52 0.8341319042652E-01 0.8316741587400E-01
      53 0.8260137802699E-01 0.6364361444780E-01
      54 0.8204151221603E-01 0.4345236282952E-01
      55 0.8324149805875E-01 0.2483321103317E-01
      56 0.6844270896626E-01 0.1175597247484E-01
      57 0.2904403040699E-01 0.7611265392585E-01
      58 0.4741124182959E-01 0.6539841376121E-01
      59 0.6431679082297E-01 0.5381744450272E-01
      60 0.3320327043302E-01 0.9925406944013E-01
      61 0.3368586106355E-01 0.1228929755878    
      62 0.3303477682087E-01 0.1449387321920    
      63 0.3270977882945E-01 0.1678748065354    
      64 0.4953145233034E-01 0.1726629908146    
      65 0.6627426345400E-01 0.1683674845581    
      66 0.6651698814545E-01 0.1470499756105    
      67 0.6717024411449E-01 0.1285482504850    
      68 0.7106534727660E-01 0.1109501397799    
      69 0.6717929291778E-01 0.9365050977516E-01
      70 0.6569711376183E-01 0.7437186704312E-01
      71 0.4926078854711E-01 0.8655380389783E-01
      72 0.5280047271170E-01 0.1110095151726    
      73 0.4864813150435E-01 0.1348897829040    
      74 0.4952422764809E-01 0.1558949730735    
      75 0.8684503998344E-01 0.1080963812316E-01
      76 0.8844816735663E-01 0.1886032542554    
      77 0.1155430066814E-01 0.1885891899384    
      78 0.1486166808852E-01 0.6151380949769E-01
