   57    78    34
   37    78    57
    1    56    30
    6    56     1
   56    75    55
    7    75    56
   47    76    46
   17    76    47
   43    77    42
   22    77    43
   34    78    33
   78    37    29
    5    78    29
    5    33    78
   77    23    42
    4    77    22
    4    23    77
   76    18    46
    3    76    17
    3    18    76
   75     8    55
    2    75     7
    2     8    75
   69    72    71
   67    73    72
   66    74    73
   62    73    74
   61    72    73
   60    71    72
   71    58    70
   70    69    71
   69    68    72
   68    67    72
   67    66    73
   66    65    74
   65    64    74
   64    63    74
   63    62    74
   62    61    73
   61    60    72
   60    57    71
   58    59    70
   57    58    71
   53    70    59
   52    69    70
   51    68    69
   50    67    68
   49    66    67
   48    65    66
   45    64    65
   44    63    64
   41    62    63
   40    61    62
   39    60    61
   38    57    60
   59    36    54
   58    35    59
   57    34    58
   55    54    36
   54    53    59
   53    52    70
   52    51    69
   51    50    68
   50    49    67
   49    48    66
   47    46    65
   48    47    65
   46    45    65
   45    44    64
   43    42    63
   44    43    63
   42    41    63
   41    40    62
   40    39    61
   39    38    60
   38    37    57
   36    56    55
   35    36    59
   34    35    58
    9    54    55
   10    53    54
   11    52    53
   12    51    52
   13    50    51
   14    49    50
   15    48    49
   16    47    48
   19    45    46
   20    44    45
   21    43    44
   24    41    42
   25    40    41
   26    39    40
   27    38    39
   28    37    38
   36    30    56
   35    31    36
   34    32    35
    6     7    56
    8     9    55
    9    10    54
   10    11    53
   11    12    52
   12    13    51
   13    14    50
   14    15    49
   15    16    48
   16    17    47
   18    19    46
   19    20    45
   20    21    44
   21    22    43
   23    24    42
   24    25    41
   25    26    40
   26    27    39
   27    28    38
   28    29    37
   31    30    36
   32    31    35
   33    32    34
