5.000000000e-002 0.000000000e+000
1.000000000e-001 0.000000000e+000
1.000000000e-001 2.000000000e-001
0.000000000e+000 2.000000000e-001
0.000000000e+000 5.000000000e-002
6.627049645e-002 0.000000000e+000
8.254099289e-002 0.000000000e+000
1.000000000e-001 1.745900711e-002
1.000000000e-001 3.491801422e-002
1.000000000e-001 5.304236225e-002
1.000000000e-001 7.423036502e-002
1.000000000e-001 9.241218320e-002
1.000000000e-001 1.105940014e-001
1.000000000e-001 1.287758196e-001
1.000000000e-001 1.469576377e-001
1.000000000e-001 1.650819858e-001
1.000000000e-001 1.825409929e-001
8.254099289e-002 2.000000000e-001
6.508198578e-002 2.000000000e-001
5.000000000e-002 2.000000000e-001
3.491801422e-002 2.000000000e-001
1.745900711e-002 2.000000000e-001
0.000000000e+000 1.825409929e-001
0.000000000e+000 1.650819858e-001
0.000000000e+000 1.465097631e-001
0.000000000e+000 1.222402369e-001
0.000000000e+000 1.034902369e-001
0.000000000e+000 8.491801422e-002
0.000000000e+000 6.745900711e-002
4.747244566e-002 1.569607921e-002
4.033678090e-002 2.954562753e-002
2.928477452e-002 4.052655896e-002
1.538947776e-002 4.757272301e-002
3.040212941e-002 5.585271240e-002
4.560693709e-002 4.590213163e-002
6.183328844e-002 3.143616813e-002
1.196931627e-002 7.641938856e-002
1.594088285e-002 9.209345806e-002
1.673952735e-002 1.125192051e-001
1.715918000e-002 1.342236941e-001
1.621314998e-002 1.553334162e-001
1.412398557e-002 1.744772217e-001
2.549091077e-002 1.859282282e-001
4.156606697e-002 1.852947041e-001
5.779275833e-002 1.854340860e-001
7.430278146e-002 1.862793362e-001
8.568921334e-002 1.747116204e-001
8.367505110e-002 1.566725721e-001
8.356984165e-002 1.378667287e-001
8.431141160e-002 1.197569392e-001
8.438173257e-002 1.017417717e-001
8.341319043e-002 8.316741587e-002
8.260137803e-002 6.364361445e-002
8.204151222e-002 4.345236283e-002
8.324149806e-002 2.483321103e-002
6.844270897e-002 1.175597247e-002
2.904403041e-002 7.611265393e-002
4.741124183e-002 6.539841376e-002
6.431679082e-002 5.381744450e-002
3.320327043e-002 9.925406944e-002
3.368586106e-002 1.228929756e-001
3.303477682e-002 1.449387322e-001
3.270977883e-002 1.678748065e-001
4.953145233e-002 1.726629908e-001
6.627426345e-002 1.683674846e-001
6.651698815e-002 1.470499756e-001
6.717024411e-002 1.285482505e-001
7.106534728e-002 1.109501398e-001
6.717929292e-002 9.365050978e-002
6.569711376e-002 7.437186704e-002
4.926078855e-002 8.655380390e-002
5.280047271e-002 1.110095152e-001
4.864813150e-002 1.348897829e-001
4.952422765e-002 1.558949731e-001
8.684503998e-002 1.080963812e-002
8.844816736e-002 1.886032543e-001
1.155430067e-002 1.885891899e-001
1.486166809e-002 6.151380950e-002
