       4  0.000000000000     0.2000000000000    
       5  0.000000000000     0.5000000000000E-01
      43  0.000000000000     0.1912704964461    
      44  0.000000000000     0.1825409928922    
      45  0.000000000000     0.1738114893383    
      46  0.000000000000     0.1650819857844    
      47  0.000000000000     0.1557958744590    
      48  0.000000000000     0.1465097631335    
      49  0.000000000000     0.1343750000000    
      50  0.000000000000     0.1222402368665    
      51  0.000000000000     0.1128652368665    
      52  0.000000000000     0.1034902368665    
      53  0.000000000000     0.9420412554104E-01
      54  0.000000000000     0.8491801421559E-01
      55  0.000000000000     0.7618851066169E-01
      56  0.000000000000     0.6745900710779E-01
      57  0.000000000000     0.5872950355390E-01
