5.000000000e-002 0.000000000e+000
1.000000000e-001 0.000000000e+000
1.000000000e-001 2.000000000e-001
0.000000000e+000 2.000000000e-001
0.000000000e+000 5.000000000e-002
5.813524822e-002 0.000000000e+000
6.627049645e-002 0.000000000e+000
7.440574467e-002 0.000000000e+000
8.254099289e-002 0.000000000e+000
9.127049645e-002 0.000000000e+000
1.000000000e-001 8.729503554e-003
1.000000000e-001 1.745900711e-002
1.000000000e-001 2.618851066e-002
1.000000000e-001 3.491801422e-002
1.000000000e-001 4.398018823e-002
1.000000000e-001 5.304236225e-002
1.000000000e-001 6.363636364e-002
1.000000000e-001 7.423036502e-002
1.000000000e-001 8.332127411e-002
1.000000000e-001 9.241218320e-002
1.000000000e-001 1.015030923e-001
1.000000000e-001 1.105940014e-001
1.000000000e-001 1.196849105e-001
1.000000000e-001 1.287758196e-001
1.000000000e-001 1.378667287e-001
1.000000000e-001 1.469576377e-001
1.000000000e-001 1.560198118e-001
1.000000000e-001 1.650819858e-001
1.000000000e-001 1.738114893e-001
1.000000000e-001 1.825409929e-001
1.000000000e-001 1.912704964e-001
9.127049645e-002 2.000000000e-001
8.254099289e-002 2.000000000e-001
7.381148934e-002 2.000000000e-001
6.508198578e-002 2.000000000e-001
5.754099289e-002 2.000000000e-001
5.000000000e-002 2.000000000e-001
4.245900711e-002 2.000000000e-001
3.491801422e-002 2.000000000e-001
2.618851066e-002 2.000000000e-001
1.745900711e-002 2.000000000e-001
8.729503554e-003 2.000000000e-001
0.000000000e+000 1.912704964e-001
0.000000000e+000 1.825409929e-001
0.000000000e+000 1.738114893e-001
0.000000000e+000 1.650819858e-001
0.000000000e+000 1.557958745e-001
0.000000000e+000 1.465097631e-001
0.000000000e+000 1.343750000e-001
0.000000000e+000 1.222402369e-001
0.000000000e+000 1.128652369e-001
0.000000000e+000 1.034902369e-001
0.000000000e+000 9.420412554e-002
0.000000000e+000 8.491801422e-002
0.000000000e+000 7.618851066e-002
0.000000000e+000 6.745900711e-002
0.000000000e+000 5.872950355e-002
4.829850917e-002 1.293267227e-002
4.330983951e-002 2.498515163e-002
3.831140373e-002 3.212843513e-002
3.214813487e-002 3.829487465e-002
2.500742307e-002 4.329698363e-002
1.710637699e-002 4.698267624e-002
8.685222735e-003 4.923989141e-002
2.221547606e-002 6.853396048e-002
6.603321818e-002 4.205472025e-002
8.154626335e-002 1.252639536e-002
8.706870998e-002 1.816574112e-001
1.852269406e-002 1.872585752e-001
6.736852001e-002 1.378167939e-002
2.344844905e-002 5.846740463e-002
1.348701111e-002 6.878511401e-002
7.558790193e-003 6.468117740e-002
1.611197869e-002 5.444301197e-002
7.558790193e-003 5.595167385e-002
1.283921885e-002 1.815330911e-001
1.450666651e-002 1.942945758e-001
5.777162955e-003 1.855650723e-001
5.777162955e-003 1.942945758e-001
8.137549821e-002 1.874412632e-001
9.422408640e-002 1.855721200e-001
8.549458285e-002 1.943016235e-001
9.422408640e-002 1.943016235e-001
8.684849448e-002 1.833998196e-002
8.545044929e-002 5.711330384e-003
9.417995284e-002 1.444083394e-002
9.417995284e-002 5.711330384e-003
6.294362389e-002 2.255040787e-002
5.165712926e-002 1.945919023e-002
6.313745773e-002 6.966614420e-003
5.500220950e-002 6.966614420e-003
4.909863475e-002 1.453994301e-001
5.074074405e-002 1.229550143e-001
5.112266002e-002 9.840921725e-002
5.854900373e-002 8.967167221e-002
5.801721335e-002 7.976658945e-002
6.023852533e-002 1.022703528e-001
5.999075153e-002 1.197780678e-001
6.199748525e-002 1.109665499e-001
5.759516254e-002 1.409772059e-001
5.791931396e-002 1.317251843e-001
5.802449080e-002 1.514745052e-001
5.790119487e-002 1.621319984e-001
4.954252359e-002 1.642451070e-001
4.127945425e-002 1.504224717e-001
4.111893162e-002 1.618864713e-001
4.115318232e-002 1.289196313e-001
4.085012598e-002 1.399251723e-001
4.290362299e-002 1.052206120e-001
4.322461990e-002 1.169725148e-001
4.121410138e-002 9.262193145e-002
5.760088213e-002 6.908282620e-002
4.901680719e-002 7.512677341e-002
3.937325507e-002 8.048755496e-002
6.639244794e-002 6.333224792e-002
6.713307866e-002 8.362772500e-002
6.942382896e-002 1.022290048e-001
6.917605516e-002 1.197367198e-001
6.684517001e-002 1.378002594e-001
6.639772266e-002 1.577097741e-001
5.791575545e-002 1.704803759e-001
4.113349220e-002 1.702348488e-001
3.287042286e-002 1.564122135e-001
3.333400182e-002 1.339426728e-001
3.331606126e-002 1.111852290e-001
3.115421804e-002 8.729894974e-002
5.712186452e-002 4.866504825e-002
5.739204178e-002 5.869243187e-002
3.895692385e-002 6.980379171e-002
7.560995602e-002 2.821244503e-002
7.476381997e-002 5.810792227e-002
7.482076646e-002 4.818768605e-002
7.521387047e-002 7.838373493e-002
7.497266031e-002 6.849831659e-002
7.608404551e-002 9.762138830e-002
7.574566084e-002 8.828881769e-002
7.776400513e-002 1.153379965e-001
7.784300543e-002 1.063175854e-001
7.536958154e-002 1.332074832e-001
7.575727141e-002 1.241495145e-001
7.509838714e-002 1.518625968e-001
7.504543012e-002 1.424595048e-001
7.598183694e-002 1.715394213e-001
7.497509120e-002 1.625200900e-001
6.199064320e-002 1.769500397e-001
7.028862517e-002 1.773232733e-001
4.556167769e-002 1.789439425e-001
5.363197192e-002 1.790631483e-001
2.910048123e-002 1.769021059e-001
3.713808572e-002 1.765853068e-001
2.446159873e-002 1.616047031e-001
2.341700601e-002 1.711766218e-001
2.508798015e-002 1.395913025e-001
2.462212135e-002 1.501407034e-001
2.512954516e-002 1.177656431e-001
2.539103649e-002 1.285857614e-001
2.421114111e-002 9.589858931e-002
2.480854826e-002 1.060137403e-001
2.237029480e-002 8.376421282e-002
7.467037705e-002 3.730055271e-002
4.833029871e-002 5.441562653e-002
4.018989684e-002 5.973723585e-002
3.054634472e-002 6.509801740e-002
2.058490678e-002 7.541572679e-002
8.003485215e-002 1.944371655e-002
7.030772489e-002 2.239885843e-002
8.439750430e-002 3.434541083e-002
8.340097884e-002 5.335375473e-002
8.358524249e-002 7.315940928e-002
8.416483732e-002 9.237739823e-002
8.442422169e-002 1.107303800e-001
8.395753152e-002 1.288087599e-001
8.362279867e-002 1.472698206e-001
7.999603539e-002 1.804954273e-001
8.468250143e-002 1.656922440e-001
6.600484165e-002 1.859060458e-001
4.963656544e-002 1.854136063e-001
1.980758700e-002 1.802025146e-001
3.352866671e-002 1.856111996e-001
1.516870450e-002 1.649051117e-001
1.667915602e-002 1.447837921e-001
1.688352349e-002 1.234142728e-001
1.602462501e-002 1.024790034e-001
1.364182985e-002 8.401536636e-002
5.459633414e-002 2.807636927e-002
5.697147511e-002 3.777791491e-002
3.991971958e-002 4.970985223e-002
7.863680695e-002 6.815064973e-003
7.050155873e-002 6.815064973e-003
9.266854164e-002 3.008765869e-002
9.266854164e-002 2.135815513e-002
9.172896267e-002 4.823794038e-002
9.172896267e-002 3.917576636e-002
9.167201617e-002 6.875217798e-002
9.167201617e-002 5.815817660e-002
9.191322632e-002 8.772850541e-002
9.191322632e-002 7.863759632e-002
9.225161100e-002 1.061519851e-001
9.225161100e-002 9.706107602e-002
9.217261069e-002 1.242633054e-001
9.217261069e-002 1.151723963e-001
9.178492082e-002 1.424121832e-001
9.178492082e-002 1.333212741e-001
9.183787784e-002 1.608774492e-001
9.183787784e-002 1.518152752e-001
9.284462358e-002 1.786262841e-001
9.284462358e-002 1.698967806e-001
6.969240470e-002 1.931396397e-001
7.842190826e-002 1.931396397e-001
5.385342984e-002 1.927664061e-001
6.139442273e-002 1.927664061e-001
3.824214271e-002 1.926472003e-001
4.578313560e-002 1.926472003e-001
2.147503466e-002 1.929639994e-001
3.020453822e-002 1.929639994e-001
7.062055890e-003 1.697795081e-001
7.062055890e-003 1.785090117e-001
8.106648613e-003 1.509214781e-001
8.106648613e-003 1.602075894e-001
8.572507409e-003 1.282373140e-001
8.572507409e-003 1.403720771e-001
8.311016080e-003 1.080421957e-001
8.311016080e-003 1.174171957e-001
7.713608933e-003 8.864093330e-002
7.713608933e-003 9.792704463e-002
5.928220914e-003 7.156294372e-002
5.928220914e-003 8.029244727e-002
4.568498048e-002 3.468669727e-002
4.010412816e-002 4.134155878e-002
3.196372629e-002 4.666316810e-002
2.444284735e-002 5.100706889e-002
3.177931771e-002 5.503146155e-002
4.806012145e-002 4.438824291e-002
1.185644183e-002 7.566688033e-002
1.542721787e-002 9.236385239e-002
1.662203216e-002 1.125941544e-001
1.714501482e-002 1.342343911e-001
1.621329723e-002 1.553331930e-001
1.412411178e-002 1.744770304e-001
2.549106222e-002 1.859279987e-001
4.156627121e-002 1.852944005e-001
5.770685968e-002 1.855328121e-001
7.430282362e-002 1.862792794e-001
8.568924716e-002 1.747115753e-001
8.367575569e-002 1.566729126e-001
8.356984165e-002 1.378667287e-001
8.434522138e-002 1.197507912e-001
8.450322199e-002 1.017099688e-001
8.382645265e-002 8.304482761e-002
8.334403234e-002 6.327399095e-002
8.345792533e-002 4.343351851e-002
8.533708328e-002 2.525730316e-002
7.473262101e-002 1.363012995e-002
6.588282877e-002 3.116758691e-002
2.931337174e-002 7.516457326e-002
4.860047597e-002 6.444301015e-002
3.299506435e-002 9.943332622e-002
3.363705817e-002 1.229371317e-001
3.303094548e-002 1.449482138e-001
3.270990024e-002 1.678762131e-001
4.955708417e-002 1.725934845e-001
6.627442672e-002 1.683672673e-001
6.652101859e-002 1.470522810e-001
6.716932144e-002 1.285482378e-001
7.118278887e-002 1.109252019e-001
6.766486904e-002 9.353280776e-002
6.660128828e-002 7.372264224e-002
6.618360759e-002 5.294185359e-002
4.943313841e-002 8.581053667e-002
5.281218162e-002 1.110078978e-001
4.866930648e-002 1.349021308e-001
4.952796301e-002 1.558967295e-001
6.000441901e-002 1.393322884e-002
8.835990569e-002 1.142266077e-002
8.844817280e-002 1.886032470e-001
1.155432591e-002 1.885891517e-001
1.511758039e-002 6.190334770e-002
