   356   280   297   323    93    95   217   168     1     2     1     1     0     1
   280   356   355   322    93   252   169    94     1     2     1     1     0     2
   280   322   298   299    94   267   216    96     1     2     1     1     0     3
   280   299   300   297    96   215   234    95     1     2     1     1     0     4
   360   323   281   320   260    97   250   265     1     2     1     1     0     5
   281   323   297   282    97   217   247   271     1     2     1     1     0     6
    83     1     7   321    82     6    98   248     1     2     1     1     0     7
   321     7     9   324    98     8   133    99     1     2     1     1     0     8
   359   321   324   361   257    99   264   263     1     2     1     1     0     9
   362   292   287   288   279   276   242   277     1     2     1     1     0    10
   362   288   289   290   277   251   241   278     1     2     1     1     0    11
   292   362   290   291   279   278   240   239     1     2     1     1     0    12
   287   292   293   286   276   238   275   243     1     2     1     1     0    13
   286   293   294   285   275   237   274   244     1     2     1     1     0    14
   285   294   295   284   274   236   273   245     1     2     1     1     0    15
   284   295   296   283   273   235   272   246     1     2     1     1     0    16
   283   296   281   282   272   270   271   269     1     2     1     1     0    17
   281   296   319   320   270   218   195   250     1     2     1     1     0    18
   296   295   318   319   235   219   196   218     1     2     1     1     0    19
   295   294   317   318   236   220   197   219     1     2     1     1     0    20
   294   293   316   317   237   221   198   220     1     2     1     1     0    21
   293   292   315   316   238   222   199   221     1     2     1     1     0    22
   292   291   314   315   239   223   200   222     1     2     1     1     0    23
   282   297   300   301   247   234   214   233     1     2     1     1     0    24
   283   282   301   302   269   233   213   232     1     2     1     1     0    25
   284   283   302   303   246   232   212   231     1     2     1     1     0    26
   285   284   303   304   245   231   211   230     1     2     1     1     0    27
   286   285   304   305   244   230   210   229     1     2     1     1     0    28
   287   286   305   306   243   229   209   228     1     2     1     1     0    29
   288   287   306   307   242   228   208   227     1     2     1     1     0    30
   289   288   307   308   251   227   207   268     1     2     1     1     0    31
   289   308   309   310   268   206   205   226     1     2     1     1     0    32
   290   289   310   311   241   226   204   225     1     2     1     1     0    33
   291   290   311   312   240   225   203   224     1     2     1     1     0    34
   314   291   312   313   223   224   202   201     1     2     1     1     0    35
   298   322   359   361   267   258   263   262     1     2     1     1     0    36
   298   361   326   327   262   261   164   194     1     2     1     1     0    37
   299   298   327   328   216   194   163   193     1     2     1     1     0    38
   300   299   328   329   215   193   162   192     1     2     1     1     0    39
   301   300   329   330   214   192   161   191     1     2     1     1     0    40
   302   301   330   331   213   191   160   190     1     2     1     1     0    41
   303   302   331   332   212   190   159   189     1     2     1     1     0    42
   304   303   332   333   211   189   158   188     1     2     1     1     0    43
   305   304   333   334   210   188   157   187     1     2     1     1     0    44
   306   305   334   335   209   187   156   186     1     2     1     1     0    45
   307   306   335   336   208   186   155   185     1     2     1     1     0    46
   308   307   336   337   207   185   154   184     1     2     1     1     0    47
   309   308   337   338   206   184   152   183     1     2     1     1     0    48
   309   338   339   340   183   153   150   182     1     2     1     1     0    49
   310   309   340   358   205   182   255   256     1     2     1     1     0    50
   311   310   358   341   204   256   254   181     1     2     1     1     0    51
   312   311   341   342   203   181   149   180     1     2     1     1     0    52
   313   312   342   343   202   180   148   179     1     2     1     1     0    53
   313   343   344   345   179   146   147   178     1     2     1     1     0    54
   314   313   345   346   201   178   145   177     1     2     1     1     0    55
   315   314   346   347   200   177   144   176     1     2     1     1     0    56
   316   315   347   348   199   176   143   175     1     2     1     1     0    57
   317   316   348   349   198   175   142   174     1     2     1     1     0    58
   318   317   349   350   197   174   141   173     1     2     1     1     0    59
   319   318   350   351   196   173   140   172     1     2     1     1     0    60
   320   319   351   352   195   172   139   171     1     2     1     1     0    61
   360   320   352   353   265   171   138   266     1     2     1     1     0    62
   360   353   354   357   266   137   135   259     1     2     1     1     0    63
   361   324   325   326   264   167   165   261     1     2     1     1     0    64
   323   360   357   356   260   259   136   168     1     2     1     1     0    65
   359   322   355   321   258   169   170   257     1     2     1     1     0    66
   328   327    18    20   163   130    19   129     1     2     1     1     0    67
   329   328    20    22   162   129    21   128     1     2     1     1     0    68
   330   329    22    24   161   128    23   127     1     2     1     1     0    69
   331   330    24    26   160   127    25   126     1     2     1     1     0    70
   332   331    26    28   159   126    27   125     1     2     1     1     0    71
   333   332    28    30   158   125    29   124     1     2     1     1     0    72
   334   333    30    32   157   124    31   123     1     2     1     1     0    73
   335   334    32    34   156   123    33   122     1     2     1     1     0    74
   336   335    34    36   155   122    35   121     1     2     1     1     0    75
   337   336    36    38   154   121    37   120     1     2     1     1     0    76
   341   358    49    51   254   253    50   116     1     2     1     1     0    77
   342   341    51    53   149   116    52   115     1     2     1     1     0    78
   347   346    64    66   144   111    65   110     1     2     1     1     0    79
   348   347    66    68   143   110    67   109     1     2     1     1     0    80
   349   348    68    70   142   109    69   108     1     2     1     1     0    81
   350   349    70    72   141   108    71   107     1     2     1     1     0    82
   351   350    72    74   140   107    73   106     1     2     1     1     0    83
   352   351    74    76   139   106    75   105     1     2     1     1     0    84
   346   345    62    64   145   112    63   111     1     2     1     1     0    85
   353   352    76    78   138   105    77   104     1     2     1     1     0    86
   327   326    16    18   164   131    17   130     1     2     1     1     0    87
   358   340    47    49   255   117    48   253     1     2     1     1     0    88
   343   342    53    55   148   115    54   114     1     2     1     1     0    89
   338   337    38    40   152   120    39   119     1     2     1     1     0    90
   340   339    45    47   150   118    46   117     1     2     1     1     0    91
   354   353    78    80   137   104    79   103     1     2     1     1     0    92
   344   343    55    57   146   114    56   113     1     2     1     1     0    93
   325   324     9    11   167   133    10   166     1     2     1     1     0    94
   326   325    14    16   165   132    15   131     1     2     1     1     0    95
    14   325    11     2   132   166    12    13     1     2     1     1     0    96
   339   338    40    42   153   119    41   151     1     2     1     1     0    97
   345   344    60    62   147   249    61   112     1     2     1     1     0    98
   339    42     3    45   151    43    44   118     1     2     1     1     0    99
    60   344    57     4   249   113    58    59     1     2     1     1     0   100
   321   355    85    83   170   102    84   248     1     2     1     1     0   101
   355   356    87    85   252   101    86   102     1     2     1     1     0   102
   356   357    89    87   136   100    88   101     1     2     1     1     0   103
   357   354    91    89   135   134    90   100     1     2     1     1     0   104
   354    80     5    91   103    81    92   134     1     2     1     1     0   105
