       4  0.000000000000     0.2000000000000    
       5  0.000000000000     0.5000000000000E-01
      59  0.000000000000     0.1938273682626    
      60  0.000000000000     0.1876547365253    
      61  0.000000000000     0.1814821047879    
      62  0.000000000000     0.1753094730506    
      63  0.000000000000     0.1690613885220    
      64  0.000000000000     0.1628133039934    
      65  0.000000000000     0.1562500000000    
      66  0.000000000000     0.1496866960066    
      67  0.000000000000     0.1434366960066    
      68  0.000000000000     0.1371866960066    
      69  0.000000000000     0.1309366960066    
      70  0.000000000000     0.1246866960066    
      71  0.000000000000     0.1184366960066    
      72  0.000000000000     0.1121866960066    
      73  0.000000000000     0.1059366960066    
      74  0.000000000000     0.9968669600664E-01
      75  0.000000000000     0.9343669600664E-01
      76  0.000000000000     0.8718669600664E-01
      77  0.000000000000     0.8093861147802E-01
      78  0.000000000000     0.7469052694940E-01
      79  0.000000000000     0.6851789521205E-01
      80  0.000000000000     0.6234526347470E-01
      81  0.000000000000     0.5617263173735E-01
