       1 0.5000000000000E-01
       2 0.1000000000000    
       3 0.1000000000000     0.2000000000000    
       4  0.000000000000     0.2000000000000    
       5  0.000000000000     0.5000000000000E-01
       6 0.5617263173735E-01
       7 0.6234526347470E-01
       8 0.6882736826265E-01
       9 0.7530947305060E-01
      10 0.8148210478795E-01
      11 0.8765473652530E-01
      12 0.9382736826265E-01
      13 0.1000000000000     0.6172631737351E-02
      14 0.1000000000000     0.1234526347470E-01
      15 0.1000000000000     0.1851789521205E-01
      16 0.1000000000000     0.2469052694940E-01
      17 0.1000000000000     0.3093861147802E-01
      18 0.1000000000000     0.3718669600664E-01
      19 0.1000000000000     0.4375000000000E-01
      20 0.1000000000000     0.5031330399336E-01
      21 0.1000000000000     0.5656330399336E-01
      22 0.1000000000000     0.6281330399336E-01
      23 0.1000000000000     0.6906330399336E-01
      24 0.1000000000000     0.7531330399336E-01
      25 0.1000000000000     0.8156330399336E-01
      26 0.1000000000000     0.8781330399336E-01
      27 0.1000000000000     0.9406330399336E-01
      28 0.1000000000000     0.1003133039934    
      29 0.1000000000000     0.1065633039934    
      30 0.1000000000000     0.1128133039934    
      31 0.1000000000000     0.1190633039934    
      32 0.1000000000000     0.1253133039934    
      33 0.1000000000000     0.1315633039934    
      34 0.1000000000000     0.1378133039934    
      35 0.1000000000000     0.1440633039934    
      36 0.1000000000000     0.1503133039934    
      37 0.1000000000000     0.1565633039934    
      38 0.1000000000000     0.1628133039934    
      39 0.1000000000000     0.1690613885220    
      40 0.1000000000000     0.1753094730506    
      41 0.1000000000000     0.1814821047879    
      42 0.1000000000000     0.1876547365253    
      43 0.1000000000000     0.1938273682626    
      44 0.9382736826265E-01 0.2000000000000    
      45 0.8765473652530E-01 0.2000000000000    
      46 0.8148210478795E-01 0.2000000000000    
      47 0.7530947305060E-01 0.2000000000000    
      48 0.6906138852198E-01 0.2000000000000    
      49 0.6281330399336E-01 0.2000000000000    
      50 0.5625000000000E-01 0.2000000000000    
      51 0.4968669600664E-01 0.2000000000000    
      52 0.4343669600664E-01 0.2000000000000    
      53 0.3718669600664E-01 0.2000000000000    
      54 0.3093861147802E-01 0.2000000000000    
      55 0.2469052694940E-01 0.2000000000000    
      56 0.1851789521205E-01 0.2000000000000    
      57 0.1234526347470E-01 0.2000000000000    
      58 0.6172631737351E-02 0.2000000000000    
      59  0.000000000000     0.1938273682626    
      60  0.000000000000     0.1876547365253    
      61  0.000000000000     0.1814821047879    
      62  0.000000000000     0.1753094730506    
      63  0.000000000000     0.1690613885220    
      64  0.000000000000     0.1628133039934    
      65  0.000000000000     0.1562500000000    
      66  0.000000000000     0.1496866960066    
      67  0.000000000000     0.1434366960066    
      68  0.000000000000     0.1371866960066    
      69  0.000000000000     0.1309366960066    
      70  0.000000000000     0.1246866960066    
      71  0.000000000000     0.1184366960066    
      72  0.000000000000     0.1121866960066    
      73  0.000000000000     0.1059366960066    
      74  0.000000000000     0.9968669600664E-01
      75  0.000000000000     0.9343669600664E-01
      76  0.000000000000     0.8718669600664E-01
      77  0.000000000000     0.8093861147802E-01
      78  0.000000000000     0.7469052694940E-01
      79  0.000000000000     0.6851789521205E-01
      80  0.000000000000     0.6234526347470E-01
      81  0.000000000000     0.5617263173735E-01
      82 0.4929492897209E-01 0.8367196521944E-02
      83 0.4719960089545E-01 0.1649841432716E-01
      84 0.4480878038602E-01 0.2218497690596E-01
      85 0.4173591616988E-01 0.2753385736617E-01
      86 0.3802778095001E-01 0.3246363929102E-01
      87 0.3374081701836E-01 0.3689928545288E-01
      88 0.2894027713898E-01 0.4077327996518E-01
      89 0.2369923132219E-01 0.4402665595679E-01
      90 0.1809745461066E-01 0.4660989311954E-01
      91 0.1222021280199E-01 0.4848367146859E-01
      92 0.6156964611960E-02 0.4961946983561E-01
      93 0.4957921744521E-01 0.4944722073768E-01
      94 0.5804234184065E-01 0.4539819608229E-01
      95 0.5709616709059E-01 0.5810369311799E-01
      96 0.6433949917597E-01 0.5159478678824E-01
      97 0.4383607963678E-01 0.7223768284065E-01
      98 0.6003570387072E-01 0.9502130312933E-02
      99 0.6558732010180E-01 0.1619171946872E-01
     100 0.2554270602948E-01 0.4903893588540E-01
     101 0.3798680317683E-01 0.4222357468360E-01
     102 0.4579968229182E-01 0.3087696238391E-01
     103 0.6945107343236E-02 0.6061839848206E-01
     104 0.7641249345289E-02 0.7313730349690E-01
     105 0.8118867599605E-02 0.8573369128518E-01
     106 0.7849636039271E-02 0.9852616525086E-01
     107 0.7627264585613E-02 0.1113200189295    
     108 0.7529430511975E-02 0.1240842361908    
     109 0.7337969492861E-02 0.1367462734570    
     110 0.6986882076850E-02 0.1494308252500    
     111 0.6586770684859E-02 0.1624127448683    
     112 0.6323265194716E-02 0.1750883246594    
     113 0.1238073709911E-01 0.1937479068132    
     114 0.2472339125924E-01 0.1938372234099    
     115 0.3719299708769E-01 0.1939164609391    
     116 0.4979142826590E-01 0.1939991565000    
     117 0.7528388839547E-01 0.1939283408845    
     118 0.8764776468078E-01 0.1938488204925    
     119 0.9387501466785E-01 0.1753651409481    
     120 0.9385131092804E-01 0.1629181188515    
     121 0.9369208816889E-01 0.1504994934692    
     122 0.9346581983296E-01 0.1381369428638    
     123 0.9332851496407E-01 0.1257181300140    
     124 0.9352361945826E-01 0.1131330993975    
     125 0.9305712021192E-01 0.1009022403665    
     126 0.9304293248674E-01 0.8838542528344E-01
     127 0.9295408251753E-01 0.7581273817040E-01
     128 0.9289281253171E-01 0.6325776299515E-01
     129 0.9300283944127E-01 0.5071568262066E-01
     130 0.9322470260943E-01 0.3780780252438E-01
     131 0.9337801765358E-01 0.2514184896513E-01
     132 0.9348165544710E-01 0.1255390220984E-01
     133 0.7437898449373E-01 0.6689589155791E-02
     134 0.1305521374423E-01 0.5368760247900E-01
     135 0.2063819771162E-01 0.5647137465172E-01
     136 0.3480948503604E-01 0.5079953986417E-01
     137 0.1458635668852E-01 0.6523780676690E-01
     138 0.1576011694489E-01 0.7793238330405E-01
     139 0.1596850363888E-01 0.9082316052940E-01
     140 0.1547690062488E-01 0.1039094881737    
     141 0.1515669509759E-01 0.1169675591137    
     142 0.1486740000484E-01 0.1298938136412    
     143 0.1432485156971E-01 0.1427404027003    
     144 0.1357365276171E-01 0.1555935701183    
     145 0.1291003587958E-01 0.1684396810057    
     146 0.1858623314630E-01 0.1875851302231    
     147 0.1253137055648E-01 0.1811814949473    
     148 0.3097777686891E-01 0.1877536843490    
     149 0.4354772934695E-01 0.1879156174390    
     150 0.8144954828830E-01 0.1877771613769    
     151 0.9382039641813E-01 0.1876761887551    
     152 0.8772632559589E-01 0.1692218712776    
     153 0.8769541108598E-01 0.1815592249152    
     154 0.8754339909693E-01 0.1568543083273    
     155 0.8715790800185E-01 0.1445731323396    
     156 0.8679433479702E-01 0.1322917688844    
     157 0.8685213442233E-01 0.1197879254181    
     158 0.8658073967018E-01 0.1074720357706    
     159 0.8610005269866E-01 0.9522436165655E-01
     160 0.8599701500428E-01 0.8263485946048E-01
     161 0.8584689504924E-01 0.7000719717219E-01
     162 0.8589565197298E-01 0.5741014162245E-01
     163 0.8622754205070E-01 0.4477348514504E-01
     164 0.8660272026301E-01 0.3201104001149E-01
     165 0.8685967310068E-01 0.1917785596292E-01
     166 0.8730902370975E-01 0.6381270472493E-02
     167 0.8020590341554E-01 0.1307085962828E-01
     168 0.4286685281613E-01 0.5618782220437E-01
     169 0.5451124326997E-01 0.3683494100258E-01
     170 0.5379479634025E-01 0.2661216401375E-01
     171 0.2332338255539E-01 0.8297135334330E-01
     172 0.2297712704823E-01 0.9634766832888E-01
     173 0.2254334355800E-01 0.1096130685510    
     174 0.2231119680444E-01 0.1228441386575    
     175 0.2196387728620E-01 0.1360376258849    
     176 0.2099997627279E-01 0.1490415471124    
     177 0.1959725895475E-01 0.1620847438569    
     178 0.1882388183400E-01 0.1749728239896    
     179 0.2487874442382E-01 0.1813764592654    
     180 0.3732638683345E-01 0.1818057682175    
     181 0.5004051323349E-01 0.1822370761241    
     182 0.7535506288072E-01 0.1818316626625    
     183 0.8160092567840E-01 0.1756137262008    
     184 0.8160195027658E-01 0.1633498499423    
     185 0.8110818863490E-01 0.1511157492671    
     186 0.8020121530919E-01 0.1391285079924    
     187 0.7995821429826E-01 0.1268491680963    
     188 0.7972381003050E-01 0.1146423907907    
     189 0.7916534751004E-01 0.1023707221247    
     190 0.7908571972585E-01 0.8966801972563E-01
     191 0.7890711363434E-01 0.7683949645282E-01
     192 0.7862734591333E-01 0.6408455111444E-01
     193 0.7887951583968E-01 0.5148052863170E-01
     194 0.7980844998873E-01 0.3893492724095E-01
     195 0.3033200596475E-01 0.8849586114278E-01
     196 0.3004356998135E-01 0.1020512487061    
     197 0.2969784526485E-01 0.1154896480948    
     198 0.2940767408580E-01 0.1289879509013    
     199 0.2863900198928E-01 0.1423387702970    
     200 0.2702358246583E-01 0.1555327208511    
     201 0.2551110490917E-01 0.1686178868408    
     202 0.3122735438836E-01 0.1754285431339    
     203 0.4381917071999E-01 0.1761272269026    
     204 0.5656621524514E-01 0.1764441681033    
     205 0.6919969328477E-01 0.1761095702572    
     206 0.7547655035909E-01 0.1697417048655    
     207 0.7516673981455E-01 0.1576112908821    
     208 0.7415149594224E-01 0.1456711249200    
     209 0.7336509481043E-01 0.1336859072044    
     210 0.7282988990643E-01 0.1217036334689    
     211 0.7230841787035E-01 0.1095410771448    
     212 0.7215101453722E-01 0.9681438019373E-01
     213 0.7199581835591E-01 0.8387265671796E-01
     214 0.7168756449843E-01 0.7091685039507E-01
     215 0.7161120978002E-01 0.5815493812369E-01
     216 0.7246042377770E-01 0.4564197072760E-01
     217 0.5038380246151E-01 0.6484429458467E-01
     218 0.3740860979033E-01 0.9449082933845E-01
     219 0.3691937972959E-01 0.1079257869468    
     220 0.3665319654000E-01 0.1213866290532    
     221 0.3641452555473E-01 0.1351501104260    
     222 0.3503729041775E-01 0.1498224585465    
     223 0.3209876898981E-01 0.1629000799487    
     224 0.3781501846900E-01 0.1697107362418    
     225 0.5044193017947E-01 0.1710391295903    
     226 0.6318954892683E-01 0.1707210313181    
     227 0.6858931523353E-01 0.1524023884958    
     228 0.6617913989375E-01 0.1412832069504    
     229 0.6554847422004E-01 0.1294952425280    
     230 0.6523366030298E-01 0.1170868666391    
     231 0.6521230595932E-01 0.1042316253960    
     232 0.6521114803289E-01 0.9116850310941E-01
     233 0.6484432470991E-01 0.7786053681718E-01
     234 0.6436787769465E-01 0.6466384445344E-01
     235 0.4428441953857E-01 0.1003653675791    
     236 0.4387473100474E-01 0.1138227679052    
     237 0.4366004800893E-01 0.1275487885780    
     238 0.4281281398320E-01 0.1426337986755    
     239 0.4011247694173E-01 0.1571898176441    
     240 0.4443777792848E-01 0.1646226389295    
     241 0.5706526386116E-01 0.1653159928052    
     242 0.6061695918504E-01 0.1480144705262    
     243 0.5836251930337E-01 0.1370925422741    
     244 0.5795224461660E-01 0.1248784756982    
     245 0.5813754839196E-01 0.1117774148903    
     246 0.5827243945500E-01 0.9858574831169E-01
     247 0.5752463790613E-01 0.7160753087555E-01
     248 0.5246287258109E-01 0.1775133747651E-01
     249 0.6208105361761E-02 0.1875752750759    
     250 0.3729013644409E-01 0.8065480265488E-01
     251 0.6288898142013E-01 0.1591442635402    
     252 0.4604811887453E-01 0.4088396565798E-01
     253 0.6271794170863E-01 0.1940417833001    
     254 0.5625936997453E-01 0.1880409398000    
     255 0.6894044158212E-01 0.1879701241845    
     256 0.6278507198618E-01 0.1822480317792    
     257 0.6084585022389E-01 0.2357038837070E-01
     258 0.6156229715361E-01 0.3379316535953E-01
     259 0.2870030502921E-01 0.6077763969348E-01
     260 0.3675767280930E-01 0.6616592203368E-01
     261 0.8046615295102E-01 0.2609403150952E-01
     262 0.7367188267674E-01 0.3301791873898E-01
     263 0.6907091338797E-01 0.2736570407686E-01
     264 0.7381238326588E-01 0.1998703517489E-01
     265 0.3021172961661E-01 0.7458304184791E-01
     266 0.2264846400611E-01 0.6954407180866E-01
     267 0.6616326644238E-01 0.3944538002165E-01
     268 0.6946640600115E-01 0.1643531659265    
     269 0.5805965438689E-01 0.8515638320863E-01
     270 0.4436674026967E-01 0.8664977085055E-01
     271 0.5097691508140E-01 0.7900091913152E-01
     272 0.5144947957516E-01 0.9280523492766E-01
     273 0.5110737941841E-01 0.1061458809631    
     274 0.5090489997828E-01 0.1194543018324    
     275 0.5070739264725E-01 0.1329729624438    
     276 0.5046794063933E-01 0.1467533785058    
     277 0.5705023324134E-01 0.1553469900804    
     278 0.5122651568238E-01 0.1615187193455    
     279 0.4690121469563E-01 0.1540858980600    
     280 0.5692564555512E-01 0.5134657756105E-01
     281 0.4417124297661E-01 0.7964758518687E-01
     282 0.5778258718620E-01 0.7835425307617E-01
     283 0.5833672158758E-01 0.9195851334109E-01
     284 0.5820815732241E-01 0.1052129832823    
     285 0.5806693946150E-01 0.1183418464983    
     286 0.5783754977170E-01 0.1314151048981    
     287 0.5888748883504E-01 0.1427699796501    
     288 0.6234642953504E-01 0.1532589614023    
     289 0.6343153330521E-01 0.1650295656780    
     290 0.5069899441711E-01 0.1656024199323    
     291 0.3817656143985E-01 0.1636428579267    
     292 0.4204839244361E-01 0.1507367773615    
     293 0.4357723552279E-01 0.1345308199896    
     294 0.4374286049507E-01 0.1205667571665    
     295 0.4400660151441E-01 0.1070787786439    
     296 0.4456223756274E-01 0.9365195651423E-01
     297 0.5726668862606E-01 0.6486080867492E-01
     298 0.7316749475858E-01 0.3944094543977E-01
     299 0.7175335279681E-01 0.5184299601543E-01
     300 0.7146906676324E-01 0.6446688023195E-01
     301 0.7190606223362E-01 0.7736682055819E-01
     302 0.7208557447820E-01 0.9037849287772E-01
     303 0.7221645459624E-01 0.1032502675097    
     304 0.7240038114447E-01 0.1158318867799    
     305 0.7325939866839E-01 0.1275753801580    
     306 0.7347079095246E-01 0.1397964342507    
     307 0.7483220093202E-01 0.1515458155892    
     308 0.7550127869708E-01 0.1636767661749    
     309 0.7545182202110E-01 0.1758066435561    
     310 0.6294756454845E-01 0.1764124969583    
     311 0.5018486594183E-01 0.1764758392483    
     312 0.3745347549816E-01 0.1757786145568    
     313 0.2500123327856E-01 0.1750784717110    
     314 0.2602097653977E-01 0.1621573019706    
     315 0.2802618839189E-01 0.1489081397315    
     316 0.2925181558667E-01 0.1357694008625    
     317 0.2956353258494E-01 0.1222065009400    
     318 0.2983215794477E-01 0.1087727952496    
     319 0.3025498201792E-01 0.9532970216267E-01
     320 0.3040902991158E-01 0.8166202012289E-01
     321 0.5772614426673E-01 0.1900426062587E-01
     322 0.5915903812618E-01 0.3944981460352E-01
     323 0.4350091629695E-01 0.6482778049442E-01
     324 0.7344849593687E-01 0.1337917831158E-01
     325 0.8696331089420E-01 0.1276254094499E-01
     326 0.8675603530715E-01 0.2559317098085E-01
     327 0.8644940521887E-01 0.3842890904212E-01
     328 0.8600567888254E-01 0.5111806124796E-01
     329 0.8578562506341E-01 0.6370222199694E-01
     330 0.8590816503506E-01 0.7631217234744E-01
     331 0.8608586497349E-01 0.8895754657353E-01
     332 0.8611424042384E-01 0.1014911767396    
     333 0.8704723891653E-01 0.1134528948015    
     334 0.8665702992813E-01 0.1261229560347    
     335 0.8693163966592E-01 0.1384605817341    
     336 0.8738417633777E-01 0.1506856829451    
     337 0.8770262185608E-01 0.1630229337096    
     338 0.8775002933571E-01 0.1754208088455    
     339 0.8764079283625E-01 0.1876976409849    
     340 0.7525830374034E-01 0.1878566817689    
     341 0.4989616052516E-01 0.1879983129999    
     342 0.3719929816874E-01 0.1878329218781    
     343 0.2475625556908E-01 0.1876744468198    
     344 0.1241621072352E-01 0.1874958136264    
     345 0.1264653038943E-01 0.1748671762681    
     346 0.1317354136972E-01 0.1620121857432    
     347 0.1397376415370E-01 0.1491749544934    
     348 0.1467593898572E-01 0.1363058509073    
     349 0.1505886102395E-01 0.1234817763750    
     350 0.1525452917123E-01 0.1104533418524    
     351 0.1569927207854E-01 0.9736563449509E-01
     352 0.1623773519921E-01 0.8428068656371E-01
     353 0.1528249869058E-01 0.7158408004439E-01
     354 0.1389021468647E-01 0.5889153348942E-01
     355 0.4986344841376E-01 0.3422006740164E-01
     356 0.4223278933530E-01 0.4754786391432E-01
     357 0.2738618073678E-01 0.5405121581402E-01
     358 0.6262257942390E-01 0.1880835666001    
     359 0.6396555618104E-01 0.2813651611553E-01
     360 0.3001442932164E-01 0.6750406357294E-01
     361 0.7417627059489E-01 0.2659489203819E-01
     362 0.5175403694765E-01 0.1574350187586    
