  356   280   297   323    93    95   217   168
  280   356   355   322    93   252   169    94
  280   322   298   299    94   267   216    96
  280   299   300   297    96   215   234    95
  360   323   281   320   260    97   250   265
  281   323   297   282    97   217   247   271
   83     1     7   321    82     6    98   248
  321     7     9   324    98     8   133    99
  359   321   324   361   257    99   264   263
  362   292   287   288   279   276   242   277
  362   288   289   290   277   251   241   278
  292   362   290   291   279   278   240   239
  287   292   293   286   276   238   275   243
  286   293   294   285   275   237   274   244
  285   294   295   284   274   236   273   245
  284   295   296   283   273   235   272   246
  283   296   281   282   272   270   271   269
  281   296   319   320   270   218   195   250
  296   295   318   319   235   219   196   218
  295   294   317   318   236   220   197   219
  294   293   316   317   237   221   198   220
  293   292   315   316   238   222   199   221
  292   291   314   315   239   223   200   222
  282   297   300   301   247   234   214   233
  283   282   301   302   269   233   213   232
  284   283   302   303   246   232   212   231
  285   284   303   304   245   231   211   230
  286   285   304   305   244   230   210   229
  287   286   305   306   243   229   209   228
  288   287   306   307   242   228   208   227
  289   288   307   308   251   227   207   268
  289   308   309   310   268   206   205   226
  290   289   310   311   241   226   204   225
  291   290   311   312   240   225   203   224
  314   291   312   313   223   224   202   201
  298   322   359   361   267   258   263   262
  298   361   326   327   262   261   164   194
  299   298   327   328   216   194   163   193
  300   299   328   329   215   193   162   192
  301   300   329   330   214   192   161   191
  302   301   330   331   213   191   160   190
  303   302   331   332   212   190   159   189
  304   303   332   333   211   189   158   188
  305   304   333   334   210   188   157   187
  306   305   334   335   209   187   156   186
  307   306   335   336   208   186   155   185
  308   307   336   337   207   185   154   184
  309   308   337   338   206   184   152   183
  309   338   339   340   183   153   150   182
  310   309   340   358   205   182   255   256
  311   310   358   341   204   256   254   181
  312   311   341   342   203   181   149   180
  313   312   342   343   202   180   148   179
  313   343   344   345   179   146   147   178
  314   313   345   346   201   178   145   177
  315   314   346   347   200   177   144   176
  316   315   347   348   199   176   143   175
  317   316   348   349   198   175   142   174
  318   317   349   350   197   174   141   173
  319   318   350   351   196   173   140   172
  320   319   351   352   195   172   139   171
  360   320   352   353   265   171   138   266
  360   353   354   357   266   137   135   259
  361   324   325   326   264   167   165   261
  323   360   357   356   260   259   136   168
  359   322   355   321   258   169   170   257
  328   327    18    20   163   130    19   129
  329   328    20    22   162   129    21   128
  330   329    22    24   161   128    23   127
  331   330    24    26   160   127    25   126
  332   331    26    28   159   126    27   125
  333   332    28    30   158   125    29   124
  334   333    30    32   157   124    31   123
  335   334    32    34   156   123    33   122
  336   335    34    36   155   122    35   121
  337   336    36    38   154   121    37   120
  341   358    49    51   254   253    50   116
  342   341    51    53   149   116    52   115
  347   346    64    66   144   111    65   110
  348   347    66    68   143   110    67   109
  349   348    68    70   142   109    69   108
  350   349    70    72   141   108    71   107
  351   350    72    74   140   107    73   106
  352   351    74    76   139   106    75   105
  346   345    62    64   145   112    63   111
  353   352    76    78   138   105    77   104
  327   326    16    18   164   131    17   130
  358   340    47    49   255   117    48   253
  343   342    53    55   148   115    54   114
  338   337    38    40   152   120    39   119
  340   339    45    47   150   118    46   117
  354   353    78    80   137   104    79   103
  344   343    55    57   146   114    56   113
  325   324     9    11   167   133    10   166
  326   325    14    16   165   132    15   131
   14   325    11     2   132   166    12    13
  339   338    40    42   153   119    41   151
  345   344    60    62   147   249    61   112
  339    42     3    45   151    43    44   118
   60   344    57     4   249   113    58    59
  321   355    85    83   170   102    84   248
  355   356    87    85   252   101    86   102
  356   357    89    87   136   100    88   101
  357   354    91    89   135   134    90   100
  354    80     5    91   103    81    92   134
