5.000000000e-002 0.000000000e+000
1.000000000e-001 0.000000000e+000
1.000000000e-001 2.000000000e-001
0.000000000e+000 2.000000000e-001
0.000000000e+000 5.000000000e-002
5.617263174e-002 0.000000000e+000
6.234526347e-002 0.000000000e+000
6.882736826e-002 0.000000000e+000
7.530947305e-002 0.000000000e+000
8.148210479e-002 0.000000000e+000
8.765473653e-002 0.000000000e+000
9.382736826e-002 0.000000000e+000
1.000000000e-001 6.172631737e-003
1.000000000e-001 1.234526347e-002
1.000000000e-001 1.851789521e-002
1.000000000e-001 2.469052695e-002
1.000000000e-001 3.093861148e-002
1.000000000e-001 3.718669601e-002
1.000000000e-001 4.375000000e-002
1.000000000e-001 5.031330399e-002
1.000000000e-001 5.656330399e-002
1.000000000e-001 6.281330399e-002
1.000000000e-001 6.906330399e-002
1.000000000e-001 7.531330399e-002
1.000000000e-001 8.156330399e-002
1.000000000e-001 8.781330399e-002
1.000000000e-001 9.406330399e-002
1.000000000e-001 1.003133040e-001
1.000000000e-001 1.065633040e-001
1.000000000e-001 1.128133040e-001
1.000000000e-001 1.190633040e-001
1.000000000e-001 1.253133040e-001
1.000000000e-001 1.315633040e-001
1.000000000e-001 1.378133040e-001
1.000000000e-001 1.440633040e-001
1.000000000e-001 1.503133040e-001
1.000000000e-001 1.565633040e-001
1.000000000e-001 1.628133040e-001
1.000000000e-001 1.690613885e-001
1.000000000e-001 1.753094731e-001
1.000000000e-001 1.814821048e-001
1.000000000e-001 1.876547365e-001
1.000000000e-001 1.938273683e-001
9.382736826e-002 2.000000000e-001
8.765473653e-002 2.000000000e-001
8.148210479e-002 2.000000000e-001
7.530947305e-002 2.000000000e-001
6.906138852e-002 2.000000000e-001
6.281330399e-002 2.000000000e-001
5.625000000e-002 2.000000000e-001
4.968669601e-002 2.000000000e-001
4.343669601e-002 2.000000000e-001
3.718669601e-002 2.000000000e-001
3.093861148e-002 2.000000000e-001
2.469052695e-002 2.000000000e-001
1.851789521e-002 2.000000000e-001
1.234526347e-002 2.000000000e-001
6.172631737e-003 2.000000000e-001
0.000000000e+000 1.938273683e-001
0.000000000e+000 1.876547365e-001
0.000000000e+000 1.814821048e-001
0.000000000e+000 1.753094731e-001
0.000000000e+000 1.690613885e-001
0.000000000e+000 1.628133040e-001
0.000000000e+000 1.562500000e-001
0.000000000e+000 1.496866960e-001
0.000000000e+000 1.434366960e-001
0.000000000e+000 1.371866960e-001
0.000000000e+000 1.309366960e-001
0.000000000e+000 1.246866960e-001
0.000000000e+000 1.184366960e-001
0.000000000e+000 1.121866960e-001
0.000000000e+000 1.059366960e-001
0.000000000e+000 9.968669601e-002
0.000000000e+000 9.343669601e-002
0.000000000e+000 8.718669601e-002
0.000000000e+000 8.093861148e-002
0.000000000e+000 7.469052695e-002
0.000000000e+000 6.851789521e-002
0.000000000e+000 6.234526347e-002
0.000000000e+000 5.617263174e-002
4.929492897e-002 8.367196522e-003
4.719960090e-002 1.649841433e-002
4.480878039e-002 2.218497691e-002
4.173591617e-002 2.753385737e-002
3.802778095e-002 3.246363929e-002
3.374081702e-002 3.689928545e-002
2.894027714e-002 4.077327997e-002
2.369923132e-002 4.402665596e-002
1.809745461e-002 4.660989312e-002
1.222021280e-002 4.848367147e-002
6.156964612e-003 4.961946984e-002
4.957921745e-002 4.944722074e-002
5.804234184e-002 4.539819608e-002
5.709616709e-002 5.810369312e-002
6.433949918e-002 5.159478679e-002
4.383607964e-002 7.223768284e-002
6.003570387e-002 9.502130313e-003
6.558732010e-002 1.619171947e-002
2.554270603e-002 4.903893589e-002
3.798680318e-002 4.222357468e-002
4.579968229e-002 3.087696238e-002
6.945107343e-003 6.061839848e-002
7.641249345e-003 7.313730350e-002
8.118867600e-003 8.573369129e-002
7.849636039e-003 9.852616525e-002
7.627264586e-003 1.113200189e-001
7.529430512e-003 1.240842362e-001
7.337969493e-003 1.367462735e-001
6.986882077e-003 1.494308253e-001
6.586770685e-003 1.624127449e-001
6.323265195e-003 1.750883247e-001
1.238073710e-002 1.937479068e-001
2.472339126e-002 1.938372234e-001
3.719299709e-002 1.939164609e-001
4.979142827e-002 1.939991565e-001
7.528388840e-002 1.939283409e-001
8.764776468e-002 1.938488205e-001
9.387501467e-002 1.753651409e-001
9.385131093e-002 1.629181189e-001
9.369208817e-002 1.504994935e-001
9.346581983e-002 1.381369429e-001
9.332851496e-002 1.257181300e-001
9.352361946e-002 1.131330994e-001
9.305712021e-002 1.009022404e-001
9.304293249e-002 8.838542528e-002
9.295408252e-002 7.581273817e-002
9.289281253e-002 6.325776300e-002
9.300283944e-002 5.071568262e-002
9.322470261e-002 3.780780252e-002
9.337801765e-002 2.514184897e-002
9.348165545e-002 1.255390221e-002
7.437898449e-002 6.689589156e-003
1.305521374e-002 5.368760248e-002
2.063819771e-002 5.647137465e-002
3.480948504e-002 5.079953986e-002
1.458635669e-002 6.523780677e-002
1.576011694e-002 7.793238330e-002
1.596850364e-002 9.082316053e-002
1.547690062e-002 1.039094882e-001
1.515669510e-002 1.169675591e-001
1.486740000e-002 1.298938136e-001
1.432485157e-002 1.427404027e-001
1.357365276e-002 1.555935701e-001
1.291003588e-002 1.684396810e-001
1.858623315e-002 1.875851302e-001
1.253137056e-002 1.811814949e-001
3.097777687e-002 1.877536843e-001
4.354772935e-002 1.879156174e-001
8.144954829e-002 1.877771614e-001
9.382039642e-002 1.876761888e-001
8.772632560e-002 1.692218713e-001
8.769541109e-002 1.815592249e-001
8.754339910e-002 1.568543083e-001
8.715790800e-002 1.445731323e-001
8.679433480e-002 1.322917689e-001
8.685213442e-002 1.197879254e-001
8.658073967e-002 1.074720358e-001
8.610005270e-002 9.522436166e-002
8.599701500e-002 8.263485946e-002
8.584689505e-002 7.000719717e-002
8.589565197e-002 5.741014162e-002
8.622754205e-002 4.477348515e-002
8.660272026e-002 3.201104001e-002
8.685967310e-002 1.917785596e-002
8.730902371e-002 6.381270472e-003
8.020590342e-002 1.307085963e-002
4.286685282e-002 5.618782220e-002
5.451124327e-002 3.683494100e-002
5.379479634e-002 2.661216401e-002
2.332338256e-002 8.297135334e-002
2.297712705e-002 9.634766833e-002
2.254334356e-002 1.096130686e-001
2.231119680e-002 1.228441387e-001
2.196387729e-002 1.360376259e-001
2.099997627e-002 1.490415471e-001
1.959725895e-002 1.620847439e-001
1.882388183e-002 1.749728240e-001
2.487874442e-002 1.813764593e-001
3.732638683e-002 1.818057682e-001
5.004051323e-002 1.822370761e-001
7.535506288e-002 1.818316627e-001
8.160092568e-002 1.756137262e-001
8.160195028e-002 1.633498499e-001
8.110818863e-002 1.511157493e-001
8.020121531e-002 1.391285080e-001
7.995821430e-002 1.268491681e-001
7.972381003e-002 1.146423908e-001
7.916534751e-002 1.023707221e-001
7.908571973e-002 8.966801973e-002
7.890711363e-002 7.683949645e-002
7.862734591e-002 6.408455111e-002
7.887951584e-002 5.148052863e-002
7.980844999e-002 3.893492724e-002
3.033200596e-002 8.849586114e-002
3.004356998e-002 1.020512487e-001
2.969784526e-002 1.154896481e-001
2.940767409e-002 1.289879509e-001
2.863900199e-002 1.423387703e-001
2.702358247e-002 1.555327209e-001
2.551110491e-002 1.686178868e-001
3.122735439e-002 1.754285431e-001
4.381917072e-002 1.761272269e-001
5.656621525e-002 1.764441681e-001
6.919969328e-002 1.761095703e-001
7.547655036e-002 1.697417049e-001
7.516673981e-002 1.576112909e-001
7.415149594e-002 1.456711249e-001
7.336509481e-002 1.336859072e-001
7.282988991e-002 1.217036335e-001
7.230841787e-002 1.095410771e-001
7.215101454e-002 9.681438019e-002
7.199581836e-002 8.387265672e-002
7.168756450e-002 7.091685040e-002
7.161120978e-002 5.815493812e-002
7.246042378e-002 4.564197073e-002
5.038380246e-002 6.484429458e-002
3.740860979e-002 9.449082934e-002
3.691937973e-002 1.079257869e-001
3.665319654e-002 1.213866291e-001
3.641452555e-002 1.351501104e-001
3.503729042e-002 1.498224585e-001
3.209876899e-002 1.629000799e-001
3.781501847e-002 1.697107362e-001
5.044193018e-002 1.710391296e-001
6.318954893e-002 1.707210313e-001
6.858931523e-002 1.524023885e-001
6.617913989e-002 1.412832070e-001
6.554847422e-002 1.294952425e-001
6.523366030e-002 1.170868666e-001
6.521230596e-002 1.042316254e-001
6.521114803e-002 9.116850311e-002
6.484432471e-002 7.786053682e-002
6.436787769e-002 6.466384445e-002
4.428441954e-002 1.003653676e-001
4.387473100e-002 1.138227679e-001
4.366004801e-002 1.275487886e-001
4.281281398e-002 1.426337987e-001
4.011247694e-002 1.571898176e-001
4.443777793e-002 1.646226389e-001
5.706526386e-002 1.653159928e-001
6.061695919e-002 1.480144705e-001
5.836251930e-002 1.370925423e-001
5.795224462e-002 1.248784757e-001
5.813754839e-002 1.117774149e-001
5.827243945e-002 9.858574831e-002
5.752463791e-002 7.160753088e-002
5.246287258e-002 1.775133748e-002
6.208105362e-003 1.875752751e-001
3.729013644e-002 8.065480265e-002
6.288898142e-002 1.591442635e-001
4.604811887e-002 4.088396566e-002
6.271794171e-002 1.940417833e-001
5.625936997e-002 1.880409398e-001
6.894044158e-002 1.879701242e-001
6.278507199e-002 1.822480318e-001
6.084585022e-002 2.357038837e-002
6.156229715e-002 3.379316536e-002
2.870030503e-002 6.077763969e-002
3.675767281e-002 6.616592203e-002
8.046615295e-002 2.609403151e-002
7.367188268e-002 3.301791874e-002
6.907091339e-002 2.736570408e-002
7.381238327e-002 1.998703517e-002
3.021172962e-002 7.458304185e-002
2.264846401e-002 6.954407181e-002
6.616326644e-002 3.944538002e-002
6.946640600e-002 1.643531659e-001
5.805965439e-002 8.515638321e-002
4.436674027e-002 8.664977085e-002
5.097691508e-002 7.900091913e-002
5.144947958e-002 9.280523493e-002
5.110737942e-002 1.061458810e-001
5.090489998e-002 1.194543018e-001
5.070739265e-002 1.329729624e-001
5.046794064e-002 1.467533785e-001
5.705023324e-002 1.553469901e-001
5.122651568e-002 1.615187193e-001
4.690121470e-002 1.540858981e-001
5.692564556e-002 5.134657756e-002
4.417124298e-002 7.964758519e-002
5.778258719e-002 7.835425308e-002
5.833672159e-002 9.195851334e-002
5.820815732e-002 1.052129833e-001
5.806693946e-002 1.183418465e-001
5.783754977e-002 1.314151049e-001
5.888748884e-002 1.427699797e-001
6.234642954e-002 1.532589614e-001
6.343153331e-002 1.650295657e-001
5.069899442e-002 1.656024199e-001
3.817656144e-002 1.636428579e-001
4.204839244e-002 1.507367774e-001
4.357723552e-002 1.345308200e-001
4.374286050e-002 1.205667572e-001
4.400660151e-002 1.070787786e-001
4.456223756e-002 9.365195651e-002
5.726668863e-002 6.486080867e-002
7.316749476e-002 3.944094544e-002
7.175335280e-002 5.184299602e-002
7.146906676e-002 6.446688023e-002
7.190606223e-002 7.736682056e-002
7.208557448e-002 9.037849288e-002
7.221645460e-002 1.032502675e-001
7.240038114e-002 1.158318868e-001
7.325939867e-002 1.275753802e-001
7.347079095e-002 1.397964343e-001
7.483220093e-002 1.515458156e-001
7.550127870e-002 1.636767662e-001
7.545182202e-002 1.758066436e-001
6.294756455e-002 1.764124970e-001
5.018486594e-002 1.764758392e-001
3.745347550e-002 1.757786146e-001
2.500123328e-002 1.750784717e-001
2.602097654e-002 1.621573020e-001
2.802618839e-002 1.489081397e-001
2.925181559e-002 1.357694009e-001
2.956353258e-002 1.222065009e-001
2.983215794e-002 1.087727952e-001
3.025498202e-002 9.532970216e-002
3.040902991e-002 8.166202012e-002
5.772614427e-002 1.900426063e-002
5.915903813e-002 3.944981460e-002
4.350091630e-002 6.482778049e-002
7.344849594e-002 1.337917831e-002
8.696331089e-002 1.276254094e-002
8.675603531e-002 2.559317098e-002
8.644940522e-002 3.842890904e-002
8.600567888e-002 5.111806125e-002
8.578562506e-002 6.370222200e-002
8.590816504e-002 7.631217235e-002
8.608586497e-002 8.895754657e-002
8.611424042e-002 1.014911767e-001
8.704723892e-002 1.134528948e-001
8.665702993e-002 1.261229560e-001
8.693163967e-002 1.384605817e-001
8.738417634e-002 1.506856829e-001
8.770262186e-002 1.630229337e-001
8.775002934e-002 1.754208088e-001
8.764079284e-002 1.876976410e-001
7.525830374e-002 1.878566818e-001
4.989616053e-002 1.879983130e-001
3.719929817e-002 1.878329219e-001
2.475625557e-002 1.876744468e-001
1.241621072e-002 1.874958136e-001
1.264653039e-002 1.748671763e-001
1.317354137e-002 1.620121857e-001
1.397376415e-002 1.491749545e-001
1.467593899e-002 1.363058509e-001
1.505886102e-002 1.234817764e-001
1.525452917e-002 1.104533419e-001
1.569927208e-002 9.736563450e-002
1.623773520e-002 8.428068656e-002
1.528249869e-002 7.158408004e-002
1.389021469e-002 5.889153349e-002
4.986344841e-002 3.422006740e-002
4.223278934e-002 4.754786391e-002
2.738618074e-002 5.405121581e-002
6.262257942e-002 1.880835666e-001
6.396555618e-002 2.813651612e-002
3.001442932e-002 6.750406357e-002
7.417627059e-002 2.659489204e-002
5.175403695e-002 1.574350188e-001
